#parent	child	edge_length
0	1	0.575319307935076
0	2	0.47005684772326073
0	3	0.9877047077149161
1	4	0.20560230490390863
1	5	0.3658790190231508
1	6	0.9729710370341063
2	7	0.31943044638233353
2	8	0.019473751218806457
2	9	0.018855359166128682
3	10	0.8392492165202183
3	11	0.7140335280853143
3	12	0.7229815118789931
4	13	0.16270245371172243
4	14	0.5069929811879308
4	15	0.28741175019524334
5	16	0.3451676699467021
5	17	0.7347707486435251
5	18	0.8692229143340522
6	19	0.32044378429760534
6	20	0.24914752404604257
6	21	0.8472748671778296
7	22	0.7282598574857755
7	23	0.7987824695468002
7	24	0.012481872222068757
8	25	0.6434149732755494
8	26	0.66083107124895
8	27	0.35214216567228607
9	28	0.7675473629797251
9	29	0.7454389045834979
9	30	0.6315684665568895
10	31	0.7788070099830009
10	32	0.7016594601491117
10	33	0.746051703665499
11	34	0.6303172775201931
11	35	0.7386830976791865
11	36	0.40029113312882747
12	37	0.6724854795492059
12	38	0.6613331136007341
12	39	0.8857875648301496
13	40	0.7791918244222759
13	41	0.4033819208516689
13	42	0.539476461880854
14	43	0.7970665276716296
14	44	0.4633180069102747
14	45	0.5490709528904532
15	46	0.4663373491681735
15	47	0.8720295919198326
15	48	0.8921977442341762
16	49	0.3876928968506672
16	50	0.7267231537078012
16	51	0.2410586622200559
17	52	0.2459620962071163
17	53	0.27482401419350655
17	54	0.10094847592796552
18	55	0.9805186163803445
18	56	0.22867145405750455
18	57	0.39895083989631197
19	58	0.21641114663889582
19	59	0.36344721779212397
19	60	0.4100338039434497
20	61	0.019773184366637553
20	62	0.2426153985476578
20	63	0.3306537228404052
21	64	0.43183224260823105
21	65	0.3726655168027353
21	66	0.5198707903507562
22	67	0.7764702530828393
22	68	0.09678028639818281
22	69	0.21184064836211025
23	70	0.9976064530896847
23	71	0.5734195320053272
23	72	0.36028951932651054
24	73	0.24616361436563805
24	74	0.8493438746983506
24	75	0.3357810182297849
25	76	0.1440263844774059
25	77	0.7623694956225928
25	78	0.7826373926391783
26	79	0.7872733678693231
26	80	0.5170462147809005
26	81	0.8834182477400072
27	82	0.44364175789641624
27	83	0.39067586786662467
27	84	0.3589417541091422
28	85	0.2898641796239283
28	86	0.958823530625909
28	87	0.24331631533793807
29	88	0.3849085895822011
29	89	0.40662677949582915
29	90	0.4069882181274538
30	91	0.25290887695011544
30	92	0.22483188625845518
30	93	0.06741822430752431
31	94	0.7255590779505972
31	95	0.4144380140509414
31	96	0.2650530311401065
32	97	0.5210395622755724
32	98	0.9810933142087759
32	99	0.3612839032082862
33	100	0.3101567236785857
33	101	0.16191149433620033
33	102	0.11522608207200058
34	103	0.423884233812021
34	104	0.8370798291988861
34	105	0.9837183796798725
35	106	0.6628710772051447
35	107	0.9252058500204958
35	108	0.9589969141848287
36	109	0.8049260699371072
36	110	0.6671760263582458
36	111	0.11473867556654005
37	112	0.48435757877550545
37	113	0.9176551659682399
37	114	0.5720569548403476
38	115	0.018764230480874833
38	116	0.36990581063843786
38	117	0.28123897379992524
39	118	0.11334766675677899
39	119	0.9958150003837258
39	120	0.5163543834241904
40	121	0.7144396515334751
40	122	0.10495529057152342
40	123	0.48706484500701086
41	124	0.128151387345816
41	125	0.4287975754965325
41	126	0.5331451842268995
42	127	0.2585631366128882
42	128	0.20305789394207485
42	129	0.05382268097895637
43	130	0.8388074986762803
43	131	0.5458775883566076
43	132	0.07081387876663459
44	133	0.9997647484679737
44	134	0.4945491398753781
44	135	0.19198679620226633
45	136	0.7818268348857913
45	137	0.8400233607978365
45	138	0.4026369432147072
46	139	0.9386293720383136
46	140	0.0646500680578288
46	141	0.5121779450009447
47	142	0.964495632415213
47	143	0.5402157096163804
47	144	0.628031801423903
48	145	0.7326098218370243
48	146	0.8695139292752576
48	147	0.005112123885012476
49	148	0.25117109600691645
49	149	0.8056000208867111
49	150	0.5730529208115926
50	151	0.5460439797877079
50	152	0.44174322246112374
50	153	0.3115108166191922
51	154	0.962115525416513
51	155	0.1378032918338079
51	156	0.6588118866621493
52	157	0.9511489509410813
52	158	0.3058596528644948
52	159	0.9507041344562728
53	160	0.49461764887742277
53	161	0.09572489351015356
53	162	0.44352325381317415
54	163	0.2418293824598461
54	164	0.33057242633121886
54	165	0.5852438982056178
55	166	0.7469424250374319
55	167	0.40636814949978506
55	168	0.5803077670064347
56	169	0.3865144830324949
56	170	0.27854821694128606
56	171	0.1681650283847249
57	172	0.16786020860038176
57	173	0.19739854301175064
57	174	0.42393453445155393
58	175	0.10405296648829454
58	176	0.45573759310806783
58	177	0.9097483995584537
59	178	0.825086944365296
59	179	0.5319447182052222
59	180	0.36416360758345245
60	181	0.549843878039584
60	182	0.6439115219233003
60	183	0.30801089350968436
61	184	0.16174092459404577
61	185	0.2641253892733897
61	186	0.6227227565097626
62	187	0.7246788269464264
62	188	0.9074286874462467
62	189	0.953231220941507
63	190	0.7684883508348233
63	191	0.6447157770287824
63	192	0.6877845731253465
64	193	0.9865662998898528
64	194	0.1771224931064579
64	195	0.670698575158791
65	196	0.6664350306111111
65	197	0.5647724756252144
65	198	0.5610356701099266
66	199	0.5197639198913828
66	200	0.6607089692249639
66	201	0.9042102470501012
67	202	0.22796366380648547
67	203	0.5654755444036232
67	204	0.9100014273934285
68	205	0.4413126694869516
68	206	0.6777234006886754
68	207	0.5596421726102623
69	208	0.9850961619562206
69	209	0.8074463970070345
69	210	0.9042010198157913
70	211	0.6173206184478288
70	212	0.624493996523412
70	213	0.12021488810787329
71	214	0.7820972436743101
71	215	0.8717447466794495
71	216	0.369175749704028
72	217	0.7650436812754031
72	218	0.022244670925165355
72	219	0.9247637073150861
73	220	0.21220719605150085
73	221	0.7840155450010087
73	222	0.8221336197693325
74	223	0.9835726721202538
74	224	0.578203979195564
74	225	0.15089096608815833
75	226	0.4987178601770279
75	227	0.7429920239326351
75	228	0.9281554110437349
76	229	0.5777864181578782
76	230	0.9696592070735699
76	231	0.7013284453067135
77	232	0.5317924378340335
77	233	0.2094473584761971
77	234	0.1388117182604538
78	235	0.4957728056865782
78	236	0.06341643779782802
78	237	0.8910995812401401
79	238	0.43350723261655577
79	239	0.5224621748914373
79	240	0.12535992525693906
80	241	0.35416063549758237
80	242	0.9434301601053354
80	243	0.04122747401685567
81	244	0.7535716380123028
81	245	0.9197108715515747
81	246	0.04508846577325354
82	247	0.9821496404573067
82	248	0.5005898327750982
82	249	0.7313040491161105
83	250	0.40159888458573856
83	251	0.9738447213123638
83	252	0.6886233111550242
84	253	0.6427654211411507
84	254	0.4303371080190219
84	255	0.4665310001208427
85	256	0.30257742448405356
85	257	0.7316520901533852
85	258	0.008130176842082726
86	259	0.38734427178003594
86	260	0.5311938699390955
86	261	0.7001003742533904
87	262	0.5619160915632588
87	263	0.20539189449328177
87	264	0.9449267775340555
88	265	0.6045202054295677
88	266	0.36218040502548776
88	267	0.7321494318466777
89	268	0.5405572028316841
89	269	0.7337601663846325
89	270	0.20440847996969058
90	271	0.8934996058637066
90	272	0.8745286811551987
90	273	0.9732707463373256
91	274	0.02132040175038885
91	275	0.5135397611912265
91	276	0.7221600710419385
92	277	0.1075958013477799
92	278	0.21594708955328046
92	279	0.7538089026930981
93	280	0.5733979045952329
93	281	0.6667350579943538
93	282	0.007062841016499455
94	283	0.9215437662660277
94	284	0.8701112107805145
94	285	0.4324774553557944
95	286	0.4915992212070528
95	287	0.9898890850621287
95	288	0.26067178149865766
96	289	0.670862289229651
96	290	0.07140531903225344
96	291	0.08709975516666191
97	292	0.5570199286865711
97	293	0.07850249267641729
97	294	0.6786671502274535
98	295	0.6640563968926079
98	296	0.6125712232579517
98	297	0.8033059598751207
99	298	0.43668855698115383
99	299	0.4295640417285247
99	300	0.2966805260962433
100	301	0.2695667995150264
100	302	0.8863376162824084
100	303	0.2282272080397414
101	304	0.27344409817708115
101	305	0.15932620087129212
101	306	0.4509764151845941
102	307	0.5742434568930531
102	308	0.06361823779444453
102	309	0.6458630066832658
103	310	0.27654671727621394
103	311	0.8997157926066324
103	312	0.4576501010695937
104	313	0.8448958535052882
104	314	0.45345562289225194
104	315	0.9012222558839706
105	316	0.540749613523963
105	317	0.3447833028192355
105	318	0.3961016146469558
106	319	0.5075683521150285
106	320	0.8697017951873276
106	321	0.41929776828030274
107	322	0.18988010886609175
107	323	0.05214493877759452
107	324	0.5709448450621917
108	325	0.040745096420989446
108	326	0.677609421086923
108	327	0.7549770715490651
109	328	0.2773971892222087
109	329	0.1727350019969679
109	330	0.8054127886254467
110	331	0.7432066761269778
110	332	0.9927117840597424
110	333	0.26932022679076306
111	334	0.4363671888806018
111	335	0.8330964738636348
111	336	0.8872308577213213
112	337	0.2510461844860292
112	338	0.4245250271185954
112	339	0.22336918877580292
113	340	0.9321403708554223
113	341	0.8825357691238624
113	342	0.8334685778990059
114	343	0.6230998495299898
114	344	0.5446563074343129
114	345	0.9100450782651941
115	346	0.23632123578075404
115	347	0.9488817672529266
115	348	0.4754356386295546
116	349	0.9553769522193878
116	350	0.4156263271349716
116	351	0.45237910479216525
117	352	0.792722390367773
117	353	0.2016867348864113
117	354	0.08804246237171576
118	355	0.04380079146321281
118	356	0.7934794294282925
118	357	0.7346558310683471
119	358	0.7516325489034528
119	359	0.561284448506826
119	360	0.608134747925257
120	361	0.8125082695316457
120	362	0.3016198543405664
120	363	0.6277701792447146
121	364	0.19352703410090788
121	365	0.9868152178323064
121	366	0.638289852462075
122	367	0.27064453548070255
122	368	0.29493740043652894
122	369	0.8450230725423693
123	370	0.1217879119706522
123	371	0.22012971014639682
123	372	0.9736048856552453
124	373	0.4788898587349779
124	374	0.00950611806849766
124	375	0.984606474090614
125	376	0.0031900123345611764
125	377	0.2785377944039924
125	378	0.48005254638398576
126	379	0.10348162605132771
126	380	0.29242194868228866
126	381	0.045643009030058135
127	382	0.9763588694258807
127	383	0.23810715217098655
127	384	0.8698463922754063
128	385	0.3548029499534193
128	386	0.7509893050909231
128	387	0.11265261671714111
129	388	0.5220632437418036
129	389	0.2304538343197713
129	390	0.5091324493911789
130	391	0.5818326883962195
130	392	0.8918332641507347
130	393	0.5674899176618493
131	394	0.7475203795745939
131	395	0.7305151333128759
131	396	0.7261573307920015
132	397	0.05210594571316962
132	398	0.6158004551277281
132	399	0.6698055851899132
133	400	0.9382393578734418
133	401	0.3876829963827433
133	402	0.9733619421863478
134	403	0.5379668801392326
134	404	0.5008006407556187
134	405	0.9078138671696441
135	406	0.6449381264640186
135	407	0.0503179169005783
135	408	0.30837189138240806
136	409	0.968196888457
136	410	0.08710990345179681
136	411	0.07912616581628784
137	412	0.9021746076275243
137	413	0.24831428547412537
137	414	0.8427184482474801
138	415	0.9742840291974617
138	416	0.013172929580951731
138	417	0.23775748769992955
139	418	0.10612329456964287
139	419	0.06808641952737793
139	420	0.6051701842272674
140	421	0.030524980119656875
140	422	0.6148786720854649
140	423	0.15555965018085716
141	424	0.8411168393053825
141	425	0.856978939822763
141	426	0.5006260121205273
142	427	0.20492720924110674
142	428	0.1320597015629995
142	429	0.9217875769945869
143	430	0.4659903613990716
143	431	0.07086665379367307
143	432	0.22796134281321745
144	433	0.945299060610252
144	434	0.568153536669985
144	435	0.6476915740190483
145	436	0.7884672133349704
145	437	0.4669661076301088
145	438	0.4529399963122871
146	439	0.8307367713879255
146	440	0.6714334187651025
146	441	0.16912584016436094
147	442	0.40256064152733684
147	443	0.8248300418800576
147	444	0.47107920245488266
148	445	0.06515790830630497
148	446	0.5469192477183575
148	447	0.4649704964294412
149	448	0.547873586010637
149	449	0.49125857298276854
149	450	0.14574748154869965
150	451	0.4827607479604845
150	452	0.5175368725130713
150	453	0.4557372684725469
151	454	0.6618594538003508
151	455	0.6966755728459293
151	456	0.51177945827409
152	457	0.3823754779327446
152	458	0.16321832551412463
152	459	0.9936081434308681
153	460	0.7950681171808045
153	461	0.9361661671161947
153	462	0.26895568309770734
154	463	0.6096785035322059
154	464	0.7038846997575057
154	465	0.6417037671134667
155	466	0.8051638479956273
155	467	0.8719032462537673
155	468	0.2785053421432462
156	469	0.8611148555445436
156	470	0.0933858660181377
156	471	0.07172321726939668
157	472	0.7958735787015523
157	473	0.54898984217466
157	474	0.8307519594876371
158	475	0.3461836224005541
158	476	0.3950197924128873
158	477	0.2674109539183003
159	478	0.9614641965159798
159	479	0.8535546407094996
159	480	0.49459171800137325
160	481	0.8310789479530134
160	482	0.026692561041881335
160	483	0.15995957356554413
161	484	0.4823356513845012
161	485	0.08213428893971297
161	486	0.255971455616383
162	487	0.8346933038258229
162	488	0.2342568815624757
162	489	0.30681796088140745
163	490	0.7031396692248233
163	491	0.960890427970905
163	492	0.9239243207347596
164	493	0.7062106443928344
164	494	0.05289008057498812
164	495	0.0388981862244373
165	496	0.24658441058425473
165	497	0.0930027990724942
165	498	0.816437813422985
166	499	0.421986201791932
166	500	0.8747169716007108
166	501	0.6545783459461165
167	502	0.9858441878314785
167	503	0.6451803583155282
167	504	0.35767464517858594
168	505	0.33641380923215336
168	506	0.34885889531102254
168	507	0.8694958079558051
169	508	0.23907159173712111
169	509	0.56832758255416
169	510	0.3097165295512987
170	511	0.4068057173559019
170	512	0.09031257422907135
170	513	0.8706212283410735
171	514	0.4013813220311431
171	515	0.5989614513404318
171	516	0.7959018328408964
172	517	0.2115698359843039
172	518	0.18978996617031407
172	519	0.9454157240837984
173	520	0.7497821555684094
173	521	0.45491053115786295
173	522	0.2755241012361833
174	523	0.4217499175587093
174	524	0.6318089998181207
174	525	0.02143814222038065
175	526	0.029220233430348408
175	527	0.3424363773544412
175	528	0.889561530967153
176	529	0.8203511986016223
176	530	0.6375528145876532
176	531	0.6171682118155779
177	532	0.5074594415688529
177	533	0.45339033932888684
177	534	0.7005268817622783
178	535	0.9117562571033354
178	536	0.8154279487889844
178	537	0.04529372127811726
179	538	0.5530433113406547
179	539	0.5775869649728338
179	540	0.07101931351626778
180	541	0.966378026315736
180	542	0.5368245852288771
180	543	0.8977091398779464
181	544	0.7280856351362228
181	545	0.04018124737047346
181	546	0.7089707953001962
182	547	0.8210803826063735
182	548	0.5961215719000652
182	549	0.29036806346568333
183	550	0.9677184772765977
183	551	0.40676363589283193
183	552	0.6793554802733732
184	553	0.29944718508987056
184	554	0.5885718846798405
184	555	0.6366827868239531
185	556	0.49044621412821043
185	557	0.5176092990797212
185	558	0.691187293959961
186	559	0.8647467031359
186	560	0.20995234473054625
186	561	0.01192855427040751
187	562	0.5411993707338691
187	563	0.517030284917301
187	564	0.37013411965952603
188	565	0.5850817592024249
188	566	0.17290411480206647
188	567	0.6761954325711677
189	568	0.668350524834308
189	569	0.23740439638468647
189	570	0.3297479934273948
190	571	0.5952085001430125
190	572	0.08527006958498418
190	573	0.22652018510443206
191	574	0.3510963066530217
191	575	0.9724459029880621
191	576	0.24079161548368244
192	577	0.9071792553121035
192	578	0.0684372098876298
192	579	0.7146020270743323
193	580	0.492853362584455
193	581	0.5382195249907396
193	582	0.19175154242859715
194	583	0.4797065801208171
194	584	0.6749222499540748
194	585	0.30531598821554295
195	586	0.9477520624735387
195	587	0.08870927886903335
195	588	0.17635972360750607
196	589	0.029111106968974454
196	590	0.5008812016758282
196	591	0.33045527862846935
197	592	0.7507575497482077
197	593	0.596275284273116
197	594	0.9105583778214852
198	595	0.06516651520979222
198	596	0.7510568924704487
198	597	0.4378154561862275
199	598	0.44713710125861184
199	599	0.9471611786947207
199	600	0.8842095702363135
200	601	0.5604550486772802
200	602	0.7746681889852414
200	603	0.31250483487880576
201	604	0.18430718044070216
201	605	0.48892181379837707
201	606	0.46157237909730053
202	607	0.21034984167039816
202	608	0.22927279673800127
202	609	0.07476153075013459
203	610	0.4469799518106614
203	611	0.1643787623637416
203	612	0.3318650202082609
204	613	0.73643782679202
204	614	0.45507290856273386
204	615	0.423804319256861
205	616	0.5274645843803341
205	617	0.6676627140306954
205	618	0.6112423755233758
206	619	0.542647956291181
206	620	0.6654053761929986
206	621	0.5934007712746321
207	622	0.21781279963789568
207	623	0.10639116006730953
207	624	0.3360147523422028
208	625	0.21497450882040536
208	626	0.1704802538857848
208	627	0.9872342166316836
209	628	0.25371046871258185
209	629	0.256438168939666
209	630	0.2784541173258632
210	631	0.10303564875903926
210	632	0.3227499468739352
210	633	0.1547512967926865
211	634	0.7599476182414407
211	635	0.1916600937697739
211	636	0.38381759145403516
212	637	0.9763929552875812
212	638	0.33109122278556
212	639	0.402171479155371
213	640	0.4447580837117313
213	641	0.7462423924942834
213	642	0.01119227760514896
214	643	0.18553321476987938
214	644	0.26145927819418446
214	645	0.029532592978888328
215	646	0.2357026611937626
215	647	0.12404395355858422
215	648	0.11806206295281108
216	649	0.3169447255575679
216	650	0.3453177881868217
216	651	0.8300683918716647
217	652	0.6663582304547355
217	653	0.6893009769579743
217	654	0.5529758350359724
218	655	0.15320994821374512
218	656	0.16524036710029444
218	657	0.5041859604221197
219	658	0.30184684941098083
219	659	0.4718574861387682
219	660	0.3123226543556763
220	661	0.21646405839858662
220	662	0.21661020443972978
220	663	0.40949746649784613
221	664	0.3662385130904591
221	665	0.06347169440325384
221	666	0.6172306406554626
222	667	0.24004263813324755
222	668	0.3708224038083885
222	669	0.729663755117008
223	670	0.4135698167423647
223	671	0.10023014897788407
223	672	0.7348707194829176
224	673	0.1678679886845339
224	674	0.3138852443832829
224	675	0.4435821910392894
225	676	0.8431285437148661
225	677	0.15859256334174043
225	678	0.6021922689728387
226	679	0.3253051666594179
226	680	0.2729459677374835
226	681	0.4133606107181893
227	682	0.8565253328280438
227	683	0.5702755193774651
227	684	0.07532496099586972
228	685	0.5812508914446213
228	686	0.32636658818153297
228	687	0.3562943636101843
229	688	0.20501324120008035
229	689	0.47865745876486787
229	690	0.3379537461625626
230	691	0.7378498725670193
230	692	0.0932551106807642
230	693	0.4530116586705
231	694	0.6880487538677792
231	695	0.3498587223692833
231	696	0.25478796871738796
232	697	0.8705471230467348
232	698	0.31376376604571643
232	699	0.23063359993202948
233	700	0.01197147779108243
233	701	0.5649575890518945
233	702	0.7434562836819083
234	703	0.49490755178877777
234	704	0.6984176697605076
234	705	0.21033536276406117
235	706	0.09904300105858521
235	707	0.26094346151434333
235	708	0.2318919661637513
236	709	0.3095211978377471
236	710	0.5258608134675691
236	711	0.4676291863122879
237	712	0.4283555431136601
237	713	0.21420793694860407
237	714	0.040877604334379036
238	715	0.2566295993279578
238	716	0.40316928702586585
238	717	0.2257816017959069
239	718	0.3292994784147165
239	719	0.9894215570702598
239	720	0.9629135333496968
240	721	0.5781889220223553
240	722	0.5230918579341202
240	723	0.7767421306290023
241	724	0.5509168209263267
241	725	0.14365298125197823
241	726	0.8410612898494749
242	727	0.11981158562076
242	728	0.5971007673804491
242	729	0.9823679281480424
243	730	0.8112656914963718
243	731	0.6773428965127186
243	732	0.8677940313345189
244	733	0.7221555331588876
244	734	0.2100649180278351
244	735	0.5282517076770494
245	736	0.6576457242830616
245	737	0.01294084970032472
245	738	0.3027813648122648
246	739	0.20260858112930302
246	740	0.11490900672560211
246	741	0.9164785613789941
247	742	0.48491843661899403
247	743	0.14676617647093004
247	744	0.5465648258010356
248	745	0.2787484630307695
248	746	0.30924800360371796
248	747	0.6110270822601369
249	748	0.6825425745453398
249	749	0.7825443796951892
249	750	0.21105753049711717
250	751	0.4591236232969689
250	752	0.648861225254945
250	753	0.809243657219803
251	754	0.2279749157478227
251	755	0.9698359166449526
251	756	0.0581335418370581
252	757	0.981396867189698
252	758	0.5337507233117522
252	759	0.35883402853339863
253	760	0.9752462430834403
253	761	0.14906841069351273
253	762	0.854828821024153
254	763	0.31336409016250577
254	764	0.0020724231242583713
254	765	0.17922267272288428
255	766	0.8472572051558012
255	767	0.7207576155101414
255	768	0.7906157402435459
256	769	0.2679704094940929
256	770	0.8880320294278419
256	771	0.7927092801151518
257	772	0.4302971865884144
257	773	0.535692773677998
257	774	0.6783139721651179
258	775	0.03140679455758488
258	776	0.29763928168520193
258	777	0.3498779912344778
259	778	0.22148487661243488
259	779	0.784431533160761
259	780	0.2755776303376556
260	781	0.7077311263648897
260	782	0.8400861552777699
260	783	0.22460173509291792
261	784	0.3829717940851445
261	785	0.3513368734542981
261	786	0.05117478823222266
262	787	0.709793573320046
262	788	0.46203641367830617
262	789	0.5641736854510517
263	790	0.04287835441015475
263	791	0.8024124963256112
263	792	0.5983522727865478
264	793	0.0022167588016267503
264	794	0.5602317162253434
264	795	0.4205636505675572
265	796	0.10583073051788228
265	797	0.9156962362337837
265	798	0.7169958352140977
266	799	0.550665705603615
266	800	0.440794098645818
266	801	0.6918588123187925
267	802	0.9936222294305284
267	803	0.941849100249553
267	804	0.06705434065860327
268	805	0.23302099484374927
268	806	0.6149560048158298
268	807	0.7111311676831971
269	808	0.8683546131467774
269	809	0.7175328629927296
269	810	0.7526714479370828
270	811	0.5851467341899858
270	812	0.4659088183290716
270	813	0.2541604865111613
271	814	0.9106232198120163
271	815	0.34052783299401623
271	816	0.05858119982632237
272	817	0.743491848516507
272	818	0.2370929536847055
272	819	0.9434151448107349
273	820	0.34818520908891437
273	821	0.9438682696602867
273	822	0.015137575297270445
274	823	0.1047311446713537
274	824	0.8203738311396416
274	825	0.17230224406457495
275	826	0.39494498340306705
275	827	0.48332658202262424
275	828	0.5076723353023143
276	829	0.6924884828224854
276	830	0.4306126773341097
276	831	0.044292516923615466
277	832	0.1115343679988835
277	833	0.707386605305271
277	834	0.3076327345256993
278	835	0.7265485999741363
278	836	0.359292494624182
278	837	0.6766368410361534
279	838	0.28838380390783
279	839	0.6297987391967244
279	840	0.9796798732855785
280	841	0.893500305523105
280	842	0.29662985169584966
280	843	0.23343693928477238
281	844	0.41606303399136024
281	845	0.8713674614977744
281	846	0.8169652056433039
282	847	0.6648941976031959
282	848	0.6105634763659471
282	849	0.003776126519548839
283	850	0.4746934058777068
283	851	0.34689234906215416
283	852	0.813539282952783
284	853	0.2717192703163559
284	854	0.1230977549386375
284	855	0.12323887440777348
285	856	0.21558376109516475
285	857	0.21127051414219622
285	858	0.8724377918065596
286	859	0.6226937371365824
286	860	0.6953658520406891
286	861	0.8516079597077137
287	862	0.16607261192743084
287	863	0.19166886866879818
287	864	0.5132585704547203
288	865	0.040730963102678874
288	866	0.7995323150892464
288	867	0.3608805366957548
289	868	0.6275315300909057
289	869	0.10857091351761439
289	870	0.28007227466226814
290	871	0.19205554646128786
290	872	0.6690390411798566
290	873	0.06055208626567943
291	874	0.6993532833403333
291	875	0.6857654689254171
291	876	0.5964070887693698
292	877	0.4724938194434204
292	878	0.8440880138169349
292	879	0.3906592426682427
293	880	0.6416686843652188
293	881	0.5702813330354997
293	882	0.8080575643082288
294	883	0.4456127271679813
294	884	0.9877266322949372
294	885	0.7572376106470231
295	886	0.3867839798398265
295	887	0.4063243399617885
295	888	0.33463411322680114
296	889	0.5224393285392128
296	890	0.2187350631863798
296	891	0.4728965559172358
297	892	0.5688654599905933
297	893	0.6936647500547624
297	894	0.7723127113814754
298	895	0.8822147567781993
298	896	0.34502798065791485
298	897	0.6285797116071494
299	898	0.9427378549534682
299	899	0.470546810420966
299	900	0.5520300091887123
300	901	0.49641604468772127
300	902	0.27541723574927124
300	903	0.9032562775584494
301	904	0.0023552045521531007
301	905	0.13211893799890406
301	906	0.5620620459407148
302	907	0.4204201319929979
302	908	0.5450290137677718
302	909	0.7913394854847429
303	910	0.8805046445660114
303	911	0.3051016138881746
303	912	0.42679384433252787
304	913	0.5285039452290503
304	914	0.5201368413266998
304	915	0.7910562001710906
305	916	0.9292121966234683
305	917	0.9146054808842998
305	918	0.7531133485652663
306	919	0.7345425277437017
306	920	0.47273037267160856
306	921	0.7295359199569522
307	922	0.20408545806257505
307	923	0.5596081541245113
307	924	0.9798115854099692
308	925	0.3704578338440224
308	926	0.3577120393258846
308	927	0.15268875154521355
309	928	0.28831591570444814
309	929	0.2999349091562915
309	930	0.9587059717045454
310	931	0.7145816101433076
310	932	0.17373284527098443
310	933	0.4015850342485159
311	934	0.7581859460931444
311	935	0.5643176949889734
311	936	0.5419342275342962
312	937	0.6679645300272654
312	938	0.084533580845632
312	939	0.06067658068536863
313	940	0.5193487375927022
313	941	0.7673600056804009
313	942	0.4432883928159401
314	943	0.6296399167058511
314	944	0.7105432484296341
314	945	0.4017916811078761
315	946	0.19821662127773998
315	947	0.21148523501471583
315	948	0.11405686122643477
316	949	0.5146015959101967
316	950	0.17002423455956261
316	951	0.9011927651534362
317	952	0.026621094186948913
317	953	0.2825090211138499
317	954	0.49018863048998806
318	955	0.7442638308620588
318	956	0.9755688920581185
318	957	0.6524308904240486
319	958	0.5018761220346726
319	959	0.38395535447984597
319	960	0.8099940894947903
320	961	0.7561273496570609
320	962	0.4096615394295786
320	963	0.8290304666023869
321	964	0.13775633975280277
321	965	0.36378519775281504
321	966	0.5441142101357785
322	967	0.7757710540395779
322	968	0.6985470062338277
322	969	0.6014865524213486
323	970	0.2800268200210433
323	971	0.3640496239068518
323	972	0.26434962393870975
324	973	0.720006832297152
324	974	0.19532369840771624
324	975	0.41590900886478765
325	976	0.665068410307512
325	977	0.6199580265316857
325	978	0.47554799790133195
326	979	0.8783495463140076
326	980	0.3165195903556073
326	981	0.5845470184402592
327	982	0.31764010555402233
327	983	0.10207331147461296
327	984	0.5860593389015434
328	985	0.3386990695709381
328	986	0.3017726985833886
328	987	0.5285040281789559
329	988	0.1700924843564653
329	989	0.9564384531662342
329	990	0.9370938860567155
330	991	0.19501245774166032
330	992	0.36099015566799464
330	993	0.7350049106792245
331	994	0.8779795504846586
331	995	0.4866556360367773
331	996	0.8485215982045875
332	997	0.032436560509046974
332	998	0.6698979836350082
332	999	0.9613955770699145
333	1000	0.6262430204970144
333	1001	0.5990117405856363
333	1002	0.5019042921432915
334	1003	0.7134501732442782
334	1004	0.41790561183623076
334	1005	0.6661713585408786
335	1006	0.7171471747066522
335	1007	0.18350268422902227
335	1008	0.4095937947738322
336	1009	0.2263329885207198
336	1010	0.43191993228143444
336	1011	0.16686700405570942
337	1012	0.8610696173737988
337	1013	0.06032392831513356
337	1014	0.35958532985459657
338	1015	0.13844802092106212
338	1016	0.9192914647579042
338	1017	0.1302643085719648
339	1018	0.8321417302485945
339	1019	0.4591177683053831
339	1020	0.5199247814245007
340	1021	0.6360178445934226
340	1022	0.8200172442491671
340	1023	0.8746008042307634
341	1024	0.1731063519669791
341	1025	0.45842181884486677
341	1026	0.19502055039846944
342	1027	0.7551277190024159
342	1028	0.07423067693069174
342	1029	0.9196504978242692
343	1030	0.7635747879027299
343	1031	0.24051192072769645
343	1032	0.2894661957914746
344	1033	0.47907782714702085
344	1034	0.0888707834123923
344	1035	0.7056814086939602
345	1036	0.4691695043062092
345	1037	0.19491145954947664
345	1038	0.5582702822700862
346	1039	0.622511920496652
346	1040	0.26382539532474547
346	1041	0.2361946522448144
347	1042	0.8257552387135711
347	1043	0.943948413602802
347	1044	0.025009427717594068
348	1045	0.9128419510533543
348	1046	0.5878417700032923
348	1047	0.28132178718645084
349	1048	0.9773966499973816
349	1049	0.9536354973090426
349	1050	0.1571523420738945
350	1051	0.7011293225571573
350	1052	0.691171572871613
350	1053	0.6175418268836403
351	1054	0.5288540001519668
351	1055	0.43291213358460023
351	1056	0.0046542841373340416
352	1057	0.15247854691667062
352	1058	0.7729325810770398
352	1059	0.42647032732207046
353	1060	0.9542709729552659
353	1061	0.0623076622082519
353	1062	0.2120918939373091
354	1063	0.2905705753845319
354	1064	0.016915855871754815
354	1065	0.6055482340805223
355	1066	0.7728754669889495
355	1067	0.7549893570507584
355	1068	0.1917737116112841
356	1069	0.6792294981814269
356	1070	0.6049405149577907
356	1071	0.242226864586772
357	1072	0.008237078343060533
357	1073	0.23490081108972016
357	1074	0.7442640998525007
358	1075	0.8722792187153332
358	1076	0.055595287535706195
358	1077	0.8542804520921723
359	1078	0.8819132487874184
359	1079	0.6034000615004063
359	1080	0.9858413610706074
360	1081	0.5715146224778862
360	1082	0.16201200867220233
360	1083	0.6797089333368374
361	1084	0.04913602791820726
361	1085	0.14031843040799563
361	1086	0.9688248524668683
362	1087	0.13123286775897602
362	1088	0.7855885728313323
362	1089	0.49438397614597696
363	1090	0.4233731611945639
363	1091	0.3440860522692174
363	1092	0.2727477491448842
364	1093	0.982500965022358
364	1094	0.23651094515594817
364	1095	0.765860203750441
365	1096	0.8866048477688317
365	1097	0.2791030882181418
365	1098	0.11902736445827333
366	1099	0.635469473837063
366	1100	0.04417600379957509
366	1101	0.6903903391588995
367	1102	0.36292663236660205
367	1103	0.5994658987769024
367	1104	0.26779023925330114
368	1105	0.8390757069733836
368	1106	0.5620584324528846
368	1107	0.0353244814429059
369	1108	0.7384879834103637
369	1109	0.8095639221427289
369	1110	0.0019258335940945948
370	1111	0.49914326249652197
370	1112	0.977683971143279
370	1113	0.7103621797935862
371	1114	0.9421044057199008
371	1115	0.9646182247271868
371	1116	0.963593995808472
372	1117	0.04494525262329385
372	1118	0.41660895091226247
372	1119	0.9810938951392756
373	1120	0.3158779483312424
373	1121	0.4628239875249889
373	1122	0.9099627204802607
374	1123	0.6953377924311299
374	1124	0.7418917071121418
374	1125	0.0005675244842282545
375	1126	0.9535489485931572
375	1127	0.849462696230757
375	1128	0.7700725932868426
376	1129	0.5084483560257897
376	1130	0.8368762387558117
376	1131	0.6921008624962717
377	1132	0.5468920198013327
377	1133	0.1990059743417586
377	1134	0.02118256508385752
378	1135	0.7345528453556263
378	1136	0.27708452348451673
378	1137	0.7645680059161926
379	1138	0.6859580907618561
379	1139	0.9850299973682475
379	1140	0.3585721586056909
380	1141	0.18846588489038651
380	1142	0.9071395223004131
380	1143	0.6027934798213379
381	1144	0.4527721903251237
381	1145	0.7764424024767789
381	1146	0.29031743798184495
382	1147	0.8513853489434846
382	1148	0.9365956333252958
382	1149	0.4287575023992112
383	1150	0.161749053147355
383	1151	0.26803000785159403
383	1152	0.35034435924033147
384	1153	0.49083977321837
384	1154	0.7297304006918512
384	1155	0.7868011175677054
385	1156	0.4935722987571327
385	1157	0.46928842686509054
385	1158	0.79947932016873
386	1159	0.5390516978792187
386	1160	0.7977246707682495
386	1161	0.41320563519205944
387	1162	0.48986945172864127
387	1163	0.9053749802440181
387	1164	0.8764430099545497
388	1165	0.2463899097603225
388	1166	0.5275064804551809
388	1167	0.22110114874565578
389	1168	0.30049646122886386
389	1169	0.48808689703311803
389	1170	0.9264800086790927
390	1171	0.12133962299934387
390	1172	0.1084696508059404
390	1173	0.6131165287446174
391	1174	0.425804418880269
391	1175	0.8599346237033867
391	1176	0.8677222904265638
392	1177	0.43985074794952417
392	1178	0.39718350495068666
392	1179	0.21546968834320168
393	1180	0.3446549466312956
393	1181	0.7829414054899946
393	1182	0.062254207837757924
394	1183	0.9597730499293313
394	1184	0.4039756561018768
394	1185	0.09124522670972013
395	1186	0.5574307320582085
395	1187	0.34518015476951014
395	1188	0.09270515095956844
396	1189	0.3439869936501351
396	1190	0.2520091033209675
396	1191	0.08630338244921676
397	1192	0.9856607298973974
397	1193	0.5485658595821306
397	1194	0.7782416852185072
398	1195	0.2748948056459146
398	1196	0.4652099502652014
398	1197	0.39558215059471546
399	1198	0.16945321580281902
399	1199	0.6928624015007703
399	1200	0.9437518392780961
400	1201	0.12094060638742488
400	1202	0.9628745563404113
400	1203	0.16007815683478155
401	1204	0.00298446659207241
401	1205	0.7181069593431175
401	1206	0.2201573310587701
402	1207	0.47289370045179147
402	1208	0.22949204593661898
402	1209	0.6723572018355668
403	1210	0.5705816994371835
403	1211	0.6744237678743534
403	1212	0.3757949846127042
404	1213	0.6296490961423982
404	1214	0.526912188646925
404	1215	0.4431270004441279
405	1216	0.5377727721732645
405	1217	0.35826250920240377
405	1218	0.23756637539330772
406	1219	0.8449209875837043
406	1220	0.16156094568520452
406	1221	0.4475824155139221
407	1222	0.49904940724046565
407	1223	0.6227924136967795
407	1224	0.10019977772432132
408	1225	0.1412034215736897
408	1226	0.21712486194608527
408	1227	0.6791889636608195
409	1228	0.18521275242863822
409	1229	0.035630135601497415
409	1230	0.859484577153653
410	1231	0.4991263559915995
410	1232	0.7180641185734644
410	1233	0.35545744412287483
411	1234	0.632580801249683
411	1235	0.8999687130125151
411	1236	0.9636550251314624
412	1237	0.6001742255766543
412	1238	0.23486865739470986
412	1239	0.2704164273430645
413	1240	0.09383890535020889
413	1241	0.8115373050438048
413	1242	0.14042227816534059
414	1243	0.2502824034731277
414	1244	0.21663456543601933
414	1245	0.3217725343326441
415	1246	0.32479461209425275
415	1247	0.784790137031842
415	1248	0.126576952349172
416	1249	0.5383111031434948
416	1250	0.7309419384683291
416	1251	0.9084855182609113
417	1252	0.0881777927064954
417	1253	0.5742811210205545
417	1254	0.09485765180166172
418	1255	0.05593369523516256
418	1256	0.3771438363853221
418	1257	0.8047688067401335
419	1258	0.16671406178957093
419	1259	0.06819563117815353
419	1260	0.7170147889381493
420	1261	0.7397098316103516
420	1262	0.1501939953576905
420	1263	0.689700411610493
421	1264	0.1912670074432289
421	1265	0.3398347084188398
421	1266	0.6817317548736308
422	1267	0.3699522288871129
422	1268	0.845546702645839
422	1269	0.4002473391665555
423	1270	0.5719878977747049
423	1271	0.4124035359760203
423	1272	0.36323760018185514
424	1273	0.718645154192541
424	1274	0.5844008950302202
424	1275	0.04698644930323059
425	1276	0.5287113580119878
425	1277	0.31951213761621067
425	1278	0.6649713324206341
426	1279	0.8069014136601309
426	1280	0.31646086540001095
426	1281	0.3710433614728781
427	1282	0.4398611706973886
427	1283	0.024747151014601787
427	1284	0.5194610622330811
428	1285	0.18644301859402368
428	1286	0.9118954837881361
428	1287	0.04970580411233261
429	1288	0.13884072863785768
429	1289	0.6521005591864064
429	1290	0.32929782101903404
430	1291	0.08573918927925839
430	1292	0.9994390513814491
430	1293	0.8315981732095272
431	1294	0.9189431161568273
431	1295	0.6403450679043075
431	1296	0.7860168955572924
432	1297	0.9004229275912676
432	1298	0.22063256196527314
432	1299	0.6782301159428834
433	1300	0.7981211170222922
433	1301	0.04696869622713029
433	1302	0.625937014363493
434	1303	0.9591511527950867
434	1304	0.3712307973785345
434	1305	0.2270392303763722
435	1306	0.29929282808846347
435	1307	0.8220215263662105
435	1308	0.21102935178544868
436	1309	0.7808016456409015
436	1310	0.8856806639076935
436	1311	0.24426401623623972
437	1312	0.030553911422371405
437	1313	0.8411362493778962
437	1314	0.8724056614667601
438	1315	0.04470982032605342
438	1316	0.9964141040742125
438	1317	0.8601978724985635
439	1318	0.945406468617592
439	1319	0.5793880943551564
439	1320	0.14247583436379152
440	1321	0.32559314125365657
440	1322	0.30473140074094696
440	1323	0.6158095476717254
441	1324	0.1823085913818654
441	1325	0.2911548285613126
441	1326	0.5056674077992489
442	1327	0.2599623943482916
442	1328	0.6062751285595267
442	1329	0.8658524135134673
443	1330	0.06859464004702176
443	1331	0.8342906981698053
443	1332	0.21246698759643978
444	1333	0.8056782507877045
444	1334	0.9615457747865679
444	1335	0.15110779912053207
445	1336	0.96825427986667
445	1337	0.30535967800377595
445	1338	0.9003897827398317
446	1339	0.5095133032698524
446	1340	0.8804548255953684
446	1341	0.17463051973896437
447	1342	0.7071543521101857
447	1343	0.3403224714815041
447	1344	0.1469121872509085
448	1345	0.19909145611366819
448	1346	0.062083938902834146
448	1347	0.7466188798396827
449	1348	0.14998935610001307
449	1349	0.4349252401614825
449	1350	0.9803287837977255
450	1351	0.6110378209251464
450	1352	0.4535011476462867
450	1353	0.44903141259903956
451	1354	0.434250446158833
451	1355	0.8834233948968624
451	1356	0.6152569737160705
452	1357	0.08118128995833995
452	1358	0.056501073303236504
452	1359	0.537102367192797
453	1360	0.004154512144510347
453	1361	0.1615965894897079
453	1362	0.8548233964350489
454	1363	0.7375572447053167
454	1364	0.6702267359510818
454	1365	0.4946968262263134
455	1366	0.0792712523640543
455	1367	0.49136028308414836
455	1368	0.23843792470766356
456	1369	0.4993640486862555
456	1370	0.3126375878184007
456	1371	0.1597170406774726
457	1372	0.05850217137514535
457	1373	0.5742072112555392
457	1374	0.7427173807778589
458	1375	0.35737818449988457
458	1376	0.9186571999043998
458	1377	0.3194314631896322
459	1378	0.49397801003325315
459	1379	0.11417777575750865
459	1380	0.7987957140043664
460	1381	0.7837438748495369
460	1382	0.9011410886274196
460	1383	0.698696609264668
461	1384	0.37718588091734595
461	1385	0.06284412965420338
461	1386	0.6195926826961378
462	1387	0.15209850087975263
462	1388	0.6909410539391092
462	1389	0.8251435795088371
463	1390	0.34325318902176527
463	1391	0.8391248156658107
463	1392	0.1732448028453124
464	1393	0.6637713810207222
464	1394	0.22558126680020552
464	1395	0.9240767591151653
465	1396	0.3109182561688437
465	1397	0.6575047908259704
465	1398	0.5680993950205018
466	1399	0.2813675384366565
466	1400	0.8549506235896289
466	1401	0.7997838572203442
467	1402	0.1821771807516619
467	1403	0.8241043508662029
467	1404	0.10642222562346682
468	1405	0.20666038429544065
468	1406	0.7946190180924297
468	1407	0.9942426938605182
469	1408	0.1720114916695037
469	1409	0.6913555703348386
469	1410	0.8791192134174346
470	1411	0.8847129942720426
470	1412	0.6637321160096175
470	1413	0.9421278287743746
471	1414	0.14657623098862937
471	1415	0.7102638469346205
471	1416	0.9931817981963986
472	1417	0.3582065070935737
472	1418	0.7478349153484909
472	1419	0.43456312266627606
473	1420	0.5820435257344924
473	1421	0.018184029836129767
473	1422	0.6197380549646136
474	1423	0.7401000284646564
474	1424	0.4514905981854995
474	1425	0.2957690119263656
475	1426	0.33595440346455696
475	1427	0.8711795921789971
475	1428	0.4298885906585097
476	1429	0.8948945426032644
476	1430	0.8880992853799228
476	1431	0.03944949064413361
477	1432	0.5890328158249543
477	1433	0.5540163758523375
477	1434	0.37775103133346555
478	1435	0.5621894415459856
478	1436	0.8957239166034761
478	1437	0.47846506153136836
479	1438	0.35604957082167643
479	1439	0.4302295997893544
479	1440	0.07775264732872333
480	1441	0.21515076871956362
480	1442	0.4359808822165423
480	1443	0.06389988806698721
481	1444	0.16859115254452695
481	1445	0.7854616247459196
481	1446	0.31619455484519676
482	1447	0.6116932337467826
482	1448	0.13495922119914938
482	1449	0.996553189400951
483	1450	0.99852026525452
483	1451	0.17931067526849942
483	1452	0.9726899215457872
484	1453	0.9963550642727073
484	1454	0.33700671732628606
484	1455	0.5282802024974469
485	1456	0.32996871885654233
485	1457	0.9845989382466684
485	1458	0.15546266417132326
486	1459	0.7436822128182667
486	1460	0.6376520762229565
486	1461	0.07518132823696266
487	1462	0.6130300948029261
487	1463	0.05802055794199834
487	1464	0.7509967192879321
488	1465	0.26948492743513164
488	1466	0.8359469186751349
488	1467	0.43209217135430933
489	1468	0.406898320460896
489	1469	0.0057501514290628775
489	1470	0.6791388834916714
490	1471	0.8416534823367359
490	1472	0.9829839314758448
490	1473	0.057323655404797336
491	1474	0.4392984676984245
491	1475	0.9734748920437324
491	1476	0.06375708118144141
492	1477	0.15850369328118152
492	1478	0.13642626002068425
492	1479	0.3089379896465303
493	1480	0.3812908328302962
493	1481	0.8215938910487077
493	1482	0.6403037471006296
494	1483	0.0581281388670698
494	1484	0.2132080411480457
494	1485	0.5349770709769359
495	1486	0.8805577697404292
495	1487	0.7308492243683293
495	1488	0.0005903856421740628
496	1489	0.45992360304318236
496	1490	0.64976149782321
496	1491	0.9736079308910588
497	1492	0.280718422886052
497	1493	0.4177006896804434
497	1494	0.7970334172058093
498	1495	0.4992531554802515
498	1496	0.15567858221895836
498	1497	0.42647187068045866
499	1498	0.3752645802034883
499	1499	0.15010290333295195
499	1500	0.25459820809488054
500	1501	0.7162641249326556
500	1502	0.7294425366835728
500	1503	0.9260505688669225
501	1504	0.4557518550265752
501	1505	0.329201072080183
501	1506	0.14386898908459322
502	1507	0.9943740934774508
502	1508	0.8848315167523548
502	1509	0.3548158250938096
503	1510	0.8863073232711858
503	1511	0.21416313878662363
503	1512	0.8021381155731602
504	1513	0.9219429671936652
504	1514	0.7572031958223335
504	1515	0.25351739403337703
505	1516	0.9251527341897889
505	1517	0.4640665648335278
505	1518	0.9965071901656368
506	1519	0.6275525621036118
506	1520	0.9079129936489982
506	1521	0.43571384445519534
507	1522	0.9656412849114933
507	1523	0.42322413695188366
507	1524	0.9529472413680455
508	1525	0.5811826531113926
508	1526	0.8607869179946062
508	1527	0.2745188866084409
509	1528	0.6752623577641756
509	1529	0.7616644378047979
509	1530	0.037730392783744904
510	1531	0.6700402615369735
510	1532	0.11120796359514262
510	1533	0.14839243511996614
511	1534	0.8856904107620114
511	1535	0.6108434443690345
511	1536	0.9787841893872526
512	1537	0.13701601042137046
512	1538	0.9661148449342554
512	1539	0.4030126509467782
513	1540	0.7125593208508272
513	1541	0.4765063126275102
513	1542	0.7989139550569373
514	1543	0.5337839761682053
514	1544	0.7906812371665826
514	1545	0.1428433122096795
515	1546	0.8127755497642983
515	1547	0.9207155448361704
515	1548	0.4107719964031329
516	1549	0.9868586805975772
516	1550	0.625527768753473
516	1551	0.6292037717208245
517	1552	0.21766539775770288
517	1553	0.2274126438125923
517	1554	0.2334445534024603
518	1555	0.30477709201416125
518	1556	0.9100243683347804
518	1557	0.7716332041430451
519	1558	0.9723220579635843
519	1559	0.5709047774414922
519	1560	0.17800888844648366
520	1561	0.9856027977034532
520	1562	0.8449862355410205
520	1563	0.004706836069265918
521	1564	0.24172507587403347
521	1565	0.8748317673405164
521	1566	0.48254069240873054
522	1567	0.40269149139766003
522	1568	0.6066448579449215
522	1569	0.4074577539374076
523	1570	0.35132505654066426
523	1571	0.09262319733574564
523	1572	0.9051571033954886
524	1573	0.09994179596781527
524	1574	0.8965504566805524
524	1575	0.906496757621964
525	1576	0.06938054716924835
525	1577	0.5498431963187675
525	1578	0.18110425656176288
526	1579	0.422337430638412
526	1580	0.30604666107506984
526	1581	0.689881421084769
527	1582	0.2019821390629486
527	1583	0.1887428893496318
527	1584	0.6289176995560726
528	1585	0.49612800762826326
528	1586	0.893617439891812
528	1587	0.9802633321929117
529	1588	0.13786125973254693
529	1589	0.6315419773782323
529	1590	0.7510254225190902
530	1591	0.6070222039638926
530	1592	0.6303384162634575
530	1593	0.7221507939929772
531	1594	0.551482933993646
531	1595	0.36055520954937936
531	1596	0.7461547625081657
532	1597	0.11134549244646286
532	1598	0.6286517434941119
532	1599	0.1812026272595606
533	1600	0.04688238000360523
533	1601	0.4624436691046574
533	1602	0.21760580015602926
534	1603	0.6540996569353603
534	1604	0.7746175167455931
534	1605	0.4714873724257558
535	1606	0.4334259144002318
535	1607	0.0065787570655500005
535	1608	0.5475400260201018
536	1609	0.5026941146998083
536	1610	0.36673949200945755
536	1611	0.9519801104270313
537	1612	0.040452362664288755
537	1613	0.21823601634740608
537	1614	0.7848786100785001
538	1615	0.21648847754828393
538	1616	0.03296584018233073
538	1617	0.9929484901287813
539	1618	0.9710233351180906
539	1619	0.5335205408312569
539	1620	0.2810916993283654
540	1621	0.8522734431462564
540	1622	0.7436910982989513
540	1623	0.6768933154453425
541	1624	0.7313626772744772
541	1625	0.9758508140334463
541	1626	0.14422674545820868
542	1627	0.6827606503836764
542	1628	0.6584230351201765
542	1629	0.1762637575259296
543	1630	0.4803109966174439
543	1631	0.7787707990646959
543	1632	0.8983493693151949
544	1633	0.8622509878872684
544	1634	0.5985917807437242
544	1635	0.1946094973116983
545	1636	0.9912285697261425
545	1637	0.7681316721012406
545	1638	0.6767055439145953
546	1639	0.19212743857291925
546	1640	0.4530554048132931
546	1641	0.10137999937704656
547	1642	0.10725098909423547
547	1643	0.36300093633496644
547	1644	0.3402854575745087
548	1645	0.3637325516023058
548	1646	0.9793486481901308
548	1647	0.6390438443070989
549	1648	0.8736279896479702
549	1649	0.7205476557229851
549	1650	0.30508959561656024
550	1651	0.8187092332603971
550	1652	0.6279053587977175
550	1653	0.8942762660150776
551	1654	0.17421760742572534
551	1655	0.7422486050795962
551	1656	0.9619922940994283
552	1657	0.6375883266659116
552	1658	0.6561549933826396
552	1659	0.31589500739301535
553	1660	0.6860498428223725
553	1661	0.778213560993505
553	1662	0.47031594522573883
554	1663	0.690023475121903
554	1664	0.011686403561223635
554	1665	0.5184221569404013
555	1666	0.20266549692328262
555	1667	0.1800240960743168
555	1668	0.6638623596796203
556	1669	0.5875912330301774
556	1670	0.589263384014548
556	1671	0.7604918070056441
557	1672	0.2185382889871439
557	1673	0.6948743992181825
557	1674	0.5346715039933265
558	1675	0.961780360445684
558	1676	0.9419226021168163
558	1677	0.11568259539256065
559	1678	0.6900883762310892
559	1679	0.26354998014410824
559	1680	0.4707967474143313
560	1681	0.8286456706778895
560	1682	0.26875662778766074
560	1683	0.6800067728834822
561	1684	0.4612084315275019
561	1685	0.5892711060746443
561	1686	0.07072417186172109
562	1687	0.8769153223830717
562	1688	0.3586205292256004
562	1689	0.9379120403070464
563	1690	0.24647587637220514
563	1691	0.22269797459766139
563	1692	0.4615414957030626
564	1693	0.5035637683993197
564	1694	0.9500466860558014
564	1695	0.7370438971367559
565	1696	0.35053684229939064
565	1697	0.5711638020877965
565	1698	0.8024672345911874
566	1699	0.15231684257372913
566	1700	0.227678164992406
566	1701	0.12911232483395807
567	1702	0.2864547524454162
567	1703	0.2745092149888273
567	1704	0.9043606018262853
568	1705	0.16081604700817564
568	1706	0.1298335075336139
568	1707	0.6164041633229229
569	1708	0.07084147741502622
569	1709	0.6666952349293869
569	1710	0.30749114452357906
570	1711	0.3211105265914802
570	1712	0.27678359486840787
570	1713	0.5805586956446387
571	1714	0.8061134888163353
571	1715	0.40719330437923684
571	1716	0.49249747786236053
572	1717	0.8232910368208606
572	1718	0.010764719973583636
572	1719	0.050233140500312246
573	1720	0.2542292382875926
573	1721	0.9186059015166341
573	1722	0.7789212511884562
574	1723	0.021970419740363845
574	1724	0.9349472476593013
574	1725	0.15429565546290025
575	1726	0.21098843359363395
575	1727	0.41197140438787616
575	1728	0.7876775123208892
576	1729	0.9990035279862974
576	1730	0.2052745529927109
576	1731	0.24874671367756118
577	1732	0.3791027662207288
577	1733	0.06056764077320642
577	1734	0.05610359824850075
578	1735	0.3426763297433878
578	1736	0.2689466643785048
578	1737	0.8757727096491443
579	1738	0.5384571148557774
579	1739	0.3332901104118364
579	1740	0.3610681521813177
580	1741	0.5389352387625145
580	1742	0.7413256318723027
580	1743	0.1885137583425962
581	1744	0.4083821605207638
581	1745	0.41464840004844516
581	1746	0.9185135664212951
582	1747	0.31195784813252625
582	1748	0.6327173136910691
582	1749	0.5210671230266719
583	1750	0.6029557988382697
583	1751	0.8038832710132611
583	1752	0.08106047146840334
584	1753	0.202324279041306
584	1754	0.8488543794005787
584	1755	0.597445167498162
585	1756	0.6343215623242195
585	1757	0.19227840508948724
585	1758	0.6490663389219398
586	1759	0.8572822600807322
586	1760	0.07563620746705035
586	1761	0.3617986228882968
587	1762	0.6634450629106099
587	1763	0.5419438136639791
587	1764	0.9998060023973698
588	1765	0.9281975693643343
588	1766	0.5536247631634696
588	1767	0.34575804255299136
589	1768	0.7700931242836224
589	1769	0.8876390771836786
589	1770	0.15363508709797902
590	1771	0.7090936975921012
590	1772	0.8603260579450791
590	1773	0.6286394794873957
591	1774	0.8464420126378123
591	1775	0.8767879145169748
591	1776	0.25652761313760575
592	1777	0.4887711280287881
592	1778	0.5668374074093299
592	1779	0.5212081724932558
593	1780	0.5785761226776175
593	1781	0.032462485300027044
593	1782	0.22912984962345107
594	1783	0.9221610120128054
594	1784	0.7005260582193471
594	1785	0.7377475042134707
595	1786	0.5154825975594797
595	1787	0.7187109775117002
595	1788	0.6074354277845977
596	1789	0.19102277557677294
596	1790	0.0012194445675737242
596	1791	0.49030917164845533
597	1792	0.6258375776243653
597	1793	0.16551480069407187
597	1794	0.18993456217615767
598	1795	0.6867289809924233
598	1796	0.5164010144881406
598	1797	0.9438163161790256
599	1798	0.4529127502406253
599	1799	0.9618834795806976
599	1800	0.11389544238491656
600	1801	0.5276971744275953
600	1802	0.36820666894223564
600	1803	0.3529724009121491
601	1804	0.6778714062453058
601	1805	0.3617539230127029
601	1806	0.10360649162482538
602	1807	0.01841621350626288
602	1808	0.8564946736763774
602	1809	0.4228741293223406
603	1810	0.25825966476420437
603	1811	0.13147870571099407
603	1812	0.3668756865246605
604	1813	0.6024241920091167
604	1814	0.93897955897374
604	1815	0.9402140877300571
605	1816	0.9296380546101723
605	1817	0.07091512268634315
605	1818	0.44169730608677016
606	1819	0.3287856153000823
606	1820	0.2374161149418068
606	1821	0.712415782586346
607	1822	0.728468989377602
607	1823	0.8770491141961418
607	1824	0.6267806414901793
608	1825	0.39352597875472584
608	1826	0.8428510383038361
608	1827	0.8148413786640063
609	1828	0.4214722991774825
609	1829	0.25798133747430674
609	1830	0.0797859225472961
610	1831	0.2709889391798086
610	1832	0.6808348954101042
610	1833	0.04193434925041739
611	1834	0.8920455171582256
611	1835	0.9586909330200628
611	1836	0.0536324509188999
612	1837	0.6836350708133137
612	1838	0.7559364579982404
612	1839	0.6044569932274548
613	1840	0.36382475293955574
613	1841	0.4241092608716306
613	1842	0.017645172250406294
614	1843	0.1439343542931102
614	1844	0.6216467724420246
614	1845	0.6699868972677878
615	1846	0.1742085516368872
615	1847	0.03926182113249088
615	1848	0.950914722664439
616	1849	0.060965468010624635
616	1850	0.9306393914571559
616	1851	0.35419678989814063
617	1852	0.025965769133886818
617	1853	0.9734372565428906
617	1854	0.16342057563204193
618	1855	0.20970648842681583
618	1856	0.801234429506827
618	1857	0.834361943073596
619	1858	0.5001464672505803
619	1859	0.35784562923148133
619	1860	0.9714574081929435
620	1861	0.36100996127246465
620	1862	0.8551189603629785
620	1863	0.17678379673807543
621	1864	0.6843859435480082
621	1865	0.4564111657353571
621	1866	0.5856362816423042
622	1867	0.37199362952244985
622	1868	0.08403273795980937
622	1869	0.7248841739728422
623	1870	0.29257061823118113
623	1871	0.6038903646100189
623	1872	0.06040800448764028
624	1873	0.17873373215118793
624	1874	0.023596051911876192
624	1875	0.47320664099032417
625	1876	0.4179479950611731
625	1877	0.5031102307950919
625	1878	0.4638440139758009
626	1879	0.3317224437201596
626	1880	0.7948355813725643
626	1881	0.6972247446493558
627	1882	0.2753254961514434
627	1883	0.9426951072505192
627	1884	0.10886740853054366
628	1885	0.3277349902958885
628	1886	0.3669995001765809
628	1887	0.5855567519504459
629	1888	0.9343048848507904
629	1889	0.9910273553264917
629	1890	0.3232616722452182
630	1891	0.5352010406112719
630	1892	0.7671879726431818
630	1893	0.8312753637600654
631	1894	0.5524582147108007
631	1895	0.32480662869910937
631	1896	0.30860527088454637
632	1897	0.7892067928058579
632	1898	0.8005578929987405
632	1899	0.8648181465543794
633	1900	0.033165133195412255
633	1901	0.022696227572983396
633	1902	0.50725017476748
634	1903	0.06953143272042872
634	1904	0.709096884970652
634	1905	0.450597993506737
635	1906	0.6278619407761165
635	1907	0.7857595910064168
635	1908	0.21279316661220982
636	1909	0.4052398717709048
636	1910	0.5700005542803033
636	1911	0.6799497767883698
637	1912	0.6279510459940365
637	1913	0.5974119320783327
637	1914	0.46975260848702405
638	1915	0.444573102002491
638	1916	0.7810279471891155
638	1917	0.1893576384498954
639	1918	0.8000636957663008
639	1919	0.6722356575701145
639	1920	0.5931105332776738
640	1921	0.8204510010734247
640	1922	0.8617050323147519
640	1923	0.7666941658765114
641	1924	0.4694630457763749
641	1925	0.9916529241032515
641	1926	0.3069196699480723
642	1927	0.18982162032906458
642	1928	0.13181384799690843
642	1929	0.23717529331129317
643	1930	0.029883305550177486
643	1931	0.11581224236559962
643	1932	0.16659712183476572
644	1933	0.8136079408990813
644	1934	0.7303618574719215
644	1935	0.6953400206498102
645	1936	0.6806868862986744
645	1937	0.629085092421565
645	1938	0.823661047129248
646	1939	0.3775275143296264
646	1940	0.15162915576259417
646	1941	0.035264462647981
647	1942	0.7027910537028577
647	1943	0.7922231905192607
647	1944	0.9778621362364195
648	1945	0.16441366053789785
648	1946	0.8601157078467505
648	1947	0.8583715567979606
649	1948	0.04646250562105769
649	1949	0.3622601750418455
649	1950	0.5358065226885507
650	1951	0.4818597034615495
650	1952	0.7009843033525427
650	1953	0.7864950415752676
651	1954	0.8150652823348508
651	1955	0.5294792305351521
651	1956	0.03745604444904593
652	1957	0.42047340066404537
652	1958	0.3748224910030413
652	1959	0.24561699020445227
653	1960	0.9162440176507318
653	1961	0.8240068708050423
653	1962	0.5066727645352551
654	1963	0.7755477694307897
654	1964	0.35181025214316586
654	1965	0.3546064440108734
655	1966	0.40373639935002614
655	1967	0.34760628754078804
655	1968	0.2607336078555744
656	1969	0.9491649002591411
656	1970	0.6527307231750177
656	1971	0.7775146548700254
657	1972	0.18353847483111507
657	1973	0.8184097380253803
657	1974	0.014287186374699612
658	1975	0.282010734760359
658	1976	0.28679518779681823
658	1977	0.8570565133983363
659	1978	0.2178490827851034
659	1979	0.8838620497897338
659	1980	0.9989660196922383
660	1981	0.2050748630831627
660	1982	0.24446089682961425
660	1983	0.4538054954969546
661	1984	0.8985181767873902
661	1985	0.7459535992973461
661	1986	0.8929087948596792
662	1987	0.8779751262865814
662	1988	0.9466933584996764
662	1989	0.7646486179496463
663	1990	0.6705473553347487
663	1991	0.0756449593771421
663	1992	0.5144251139044007
664	1993	0.5265204155651659
664	1994	0.9964888779373564
664	1995	0.8227765575349446
665	1996	0.06540161106897568
665	1997	0.7603597867770207
665	1998	0.4634590448367737
666	1999	0.6172306406554626
