#parent	child	edge_length
0	1	0.18171697360848882
0	2	0.5187094324667967
0	3	0.46059342541752746
1	4	0.52600311477962
1	5	0.42218947721610567
1	6	0.7278633857056297
2	7	0.8506322408052555
2	8	0.15256421289763733
2	9	0.9614554433284643
3	10	0.6510313946090749
3	11	0.09213546705490994
3	12	0.03728616799225415
4	13	0.10019965921215102
4	14	0.0937302802844977
4	15	0.12718306102561994
5	16	0.8135578513805314
5	17	0.706493915434956
5	18	0.6188850373063163
6	19	0.0807035090860494
6	20	0.16850480659444167
6	21	0.0036696275226343333
7	22	0.44293390359280094
7	23	0.8936648469228099
7	24	0.6848658585216864
8	25	0.5655327694594876
8	26	0.7734377497432334
8	27	0.45617915019620536
9	28	0.7795440457940633
9	29	0.9715030106849729
9	30	0.23125521028584606
10	31	0.1175063964898877
10	32	0.5964859332911099
10	33	0.4540223604496353
11	34	0.763127987254368
11	35	0.06696082143755067
11	36	0.905918004364061
12	37	0.4408150194116781
12	38	0.9441901594010996
12	39	0.1566589098728144
13	40	0.9080263212211193
13	41	0.5557654614816622
13	42	0.25323751338290545
14	43	0.34553614903326546
14	44	0.3363271124047582
14	45	0.73873310806797
15	46	0.5586591365283429
15	47	0.04704495990721813
15	48	0.2169432594502576
16	49	0.8427847900507074
16	50	0.7570729764293557
16	51	0.5437424891391567
17	52	0.49427462691373103
17	53	0.8012589170821224
17	54	0.08342173506240413
18	55	0.31096415979038416
18	56	0.9176201153204627
18	57	0.32213174338487416
19	58	0.28852398876557384
19	59	0.36775043121407236
19	60	0.39220623781073427
20	61	0.9332795225379312
20	62	0.8134749989823213
20	63	0.20271943808494908
21	64	0.19607000487904036
21	65	0.9090586452736547
21	66	0.7208474948442202
22	67	0.15991904029653092
22	68	0.9252878166504113
22	69	0.7860013812667024
23	70	0.9284456278595822
23	71	0.500289459681143
23	72	0.6064286094736173
24	73	0.6677337146617619
24	74	0.9953259073946398
24	75	0.3461859739570794
25	76	0.47756569860960707
25	77	0.553980516588635
25	78	0.15774313972259812
26	79	0.8031158469640582
26	80	0.13049188580753512
26	81	0.6591787920069236
27	82	0.8353207014160767
27	83	0.8776714150560433
27	84	0.609156761560448
28	85	0.9535736328430107
28	86	0.7766651046074255
28	87	0.886382999659662
29	88	0.814067792145082
29	89	0.35197352062771203
29	90	0.36422770588490516
30	91	0.22925834365053632
30	92	0.2349605757530373
30	93	0.28719245282235006
31	94	0.8169386655767163
31	95	0.2947296672950218
31	96	0.008911534093766105
32	97	0.6547233613368786
32	98	0.09528829143241391
32	99	0.6408443303178075
33	100	0.784411462096199
33	101	0.7781072639278686
33	102	0.4824055428981898
34	103	0.23536663730556784
34	104	0.18974267041988235
34	105	0.6246745140382814
35	106	0.13411570339739043
35	107	0.5461722318239081
35	108	0.1672952366550814
36	109	0.8543899748274021
36	110	0.6157772874581608
36	111	0.06651013877108136
37	112	0.8834032660927118
37	113	0.0768470507958049
37	114	0.38320469678708846
38	115	0.7331350450800932
38	116	0.5509257568172544
38	117	0.1897405546208878
39	118	0.07490438033098468
39	119	0.9022891502290785
39	120	0.05421864560055001
40	121	0.810135864122131
40	122	0.8561002217526464
40	123	0.6345172906883106
41	124	0.9833722735393435
41	125	0.17642179917337197
41	126	0.12778405543384264
42	127	0.957446606848214
42	128	0.2291288461195562
42	129	0.37221711476062613
43	130	0.29672289332889534
43	131	0.372445649505192
43	132	0.2485177607771567
44	133	0.8960415002190227
44	134	0.9793984574182031
44	135	0.6442365206731097
45	136	0.04535657923906078
45	137	0.525372827361418
45	138	0.9870195168738192
46	139	0.05984869445431629
46	140	0.6795144354279163
46	141	0.8151032663302575
47	142	0.555708750872868
47	143	0.49639138550012163
47	144	0.10952988812544695
48	145	0.21580581455208447
48	146	0.32894469981380603
48	147	0.17150053772933604
49	148	0.5457197929349722
49	149	0.5185482264744382
49	150	0.8131008889155538
50	151	0.6444458460664375
50	152	0.7003378044437731
50	153	0.2927629560771442
51	154	0.828956704149828
51	155	0.06100751757608136
51	156	0.8077253844872766
52	157	0.3984248140729125
52	158	0.2846504328169125
52	159	0.8728205392022678
53	160	0.5975737236690788
53	161	0.46104894689863696
53	162	0.2569300941642354
54	163	0.09259792253063615
54	164	0.22056964401463552
54	165	0.04309211597055007
55	166	0.37511233969480196
55	167	0.8946335073308959
55	168	0.8129700571514619
56	169	0.6945569546174063
56	170	0.4745411068784482
56	171	0.5903862756563922
57	172	0.898955196883227
57	173	0.2598145801984113
57	174	0.08244842274568265
58	175	0.4918194223608102
58	176	0.7119382392028238
58	177	0.40919054407519084
59	178	0.44589025720391195
59	179	0.42520813579253636
59	180	0.9286679557429958
60	181	0.30740427612027144
60	182	0.7137225620303909
60	183	0.5443113948667492
61	184	0.572882556070504
61	185	0.9139367516339416
61	186	0.5266277404743027
62	187	0.7116319210215291
62	188	0.2542368864210789
62	189	0.1262788734402971
63	190	0.566781183594276
63	191	0.8518307795302622
63	192	0.6639106550894761
64	193	0.14947205007426623
64	194	0.2633580709504417
64	195	0.32298104587565946
65	196	0.2335749975826541
65	197	0.5396007148031267
65	198	0.711920649366223
66	199	0.00402470155545831
66	200	0.5658671330788457
66	201	0.7774312817123626
67	202	0.058379848128570666
67	203	0.3404115969155268
67	204	0.8232236525180218
68	205	0.6778162732369069
68	206	0.05290599502939519
68	207	0.6282430486438232
69	208	0.39385920037944344
69	209	0.5892136008270112
69	210	0.6597579417926744
70	211	0.5097817630952912
70	212	0.3095491337154105
70	213	0.15495338658582425
71	214	0.6349566381421449
71	215	0.24318492912825485
71	216	0.9931608406639221
72	217	0.027284310069991213
72	218	0.7986880650926638
72	219	0.3042075886454424
73	220	0.31018592620734886
73	221	0.11788418722800398
73	222	0.3950769111125866
74	223	0.3694610454499042
74	224	0.3298868863168577
74	225	0.9873696363610109
75	226	0.8162751446766399
75	227	0.5129116129270088
75	228	0.4864775468292014
76	229	0.02851851250913251
76	230	0.5111271477739471
76	231	0.665427696781552
77	232	0.7804861563206534
77	233	0.34574241653280335
77	234	0.8196866535955402
78	235	0.1696529169597727
78	236	0.8283664631724941
78	237	0.39758047360853543
79	238	0.8118708766586817
79	239	0.9513665912033543
79	240	0.30804439918293847
80	241	0.34993261538482334
80	242	0.5312457201704428
80	243	0.804722334345907
81	244	0.2096152231177737
81	245	0.4938816737751982
81	246	0.545452110161227
82	247	0.12444268199436082
82	248	0.12541114655156915
82	249	0.7571965614810237
83	250	0.5716499749211391
83	251	0.5032950014580807
83	252	0.027908710645804247
84	253	0.10148087361692104
84	254	0.8362408202014223
84	255	0.5256903290190972
85	256	0.0510192306884395
85	257	0.1652015562064072
85	258	0.7247158218180187
86	259	0.5185446554792252
86	260	0.4177611456155984
86	261	0.5740962166150707
87	262	0.47358634446815784
87	263	0.8407495702800987
87	264	0.36817605055173563
88	265	0.2030939619346287
88	266	0.6894730624519099
88	267	0.28776656037756765
89	268	0.7710643110577673
89	269	0.19655317954460705
89	270	0.16591952899739915
90	271	0.8316864236396118
90	272	0.33116146086218623
90	273	0.6885630112168518
91	274	0.2763665440703429
91	275	0.7610780591955316
91	276	0.30873347302993137
92	277	0.9518366017676916
92	278	0.8742978643993852
92	279	0.2010188319622238
93	280	0.815214491869513
93	281	0.7587540587232752
93	282	0.27223038647477726
94	283	0.835675193109863
94	284	0.1655929292038112
94	285	0.003695507277253207
95	286	0.9243883857258945
95	287	0.3424451644175388
95	288	0.6196975101628219
96	289	0.036871852771481084
96	290	0.23142160885460972
96	291	0.8363124799960476
97	292	0.026728959840306654
97	293	0.6081389791931401
97	294	0.005632830626028595
98	295	0.37274693328891007
98	296	0.8922897572733728
98	297	0.1399625423208558
99	298	0.8445992822475136
99	299	0.833288139458901
99	300	0.49986486403090713
100	301	0.8668802488763938
100	302	0.33040398182093955
100	303	0.0752063019274033
101	304	0.5211564957679204
101	305	0.3725082717413626
101	306	0.43967040846980754
102	307	0.32021104021387825
102	308	0.25946313493640094
102	309	0.23940876988788973
103	310	0.19155032619583368
103	311	0.202319596073813
103	312	0.8124086614936855
104	313	0.49745163954903204
104	314	0.3749707486028926
104	315	0.6343502868445443
105	316	0.12578887864319677
105	317	0.2690460528736188
105	318	0.2887078396979562
106	319	0.5004028331682696
106	320	0.925498660993331
106	321	0.14842091239012356
107	322	0.6878957283359016
107	323	0.5996316847531487
107	324	0.6545253981653136
108	325	0.9801023528659571
108	326	0.6823799012008932
108	327	0.25611664909402576
109	328	0.6704577034123677
109	329	0.6899990110255998
109	330	0.764475692413934
110	331	0.9246017429450214
110	332	0.8793004527924093
110	333	0.30212265186649945
111	334	0.7472000149604541
111	335	0.2022896554823037
111	336	0.984959731194639
112	337	0.32857880158119335
112	338	0.8726743849383684
112	339	0.46760776210317034
113	340	0.6486912244695777
113	341	0.3462132724879182
113	342	0.8861209238629958
114	343	0.3186622018420149
114	344	0.7128613033270392
114	345	0.08661945099020552
115	346	0.913915294799776
115	347	0.1940618404064055
115	348	0.8912621341576404
116	349	0.9783441998036833
116	350	0.1010984541487111
116	351	0.3971014882996068
117	352	0.7619672321951299
117	353	0.5564279649041631
117	354	0.3406344284020719
118	355	0.8170582654575134
118	356	0.4380462157803531
118	357	0.5734362811421775
119	358	0.7026496751326113
119	359	0.7708560661800754
119	360	0.010032497993561318
120	361	0.9168660451829004
120	362	0.3391256872203643
120	363	0.2883408259094219
121	364	0.8258331944886905
121	365	0.36646329468467587
121	366	0.41595681605307633
122	367	0.6631227845177383
122	368	0.9172599809066236
122	369	0.9179600993251621
123	370	0.11151096877446287
123	371	0.16913606283761407
123	372	0.44863084156982846
124	373	0.47865323037629104
124	374	0.9509128099890897
124	375	0.06848082030387237
125	376	0.15198897408085776
125	377	0.7911025775333068
125	378	0.05779757616485692
126	379	0.7756307589498276
126	380	0.3505616704583886
126	381	0.24716446891269805
127	382	0.09843604219237556
127	383	0.5054036559177424
127	384	0.035148318199827
128	385	0.5298511852483768
128	386	0.4063516580074896
128	387	0.27698702613053094
129	388	0.26400560243174764
129	389	0.9168096187192973
129	390	0.09608371137192706
130	391	0.06933841559329923
130	392	0.2682384668559017
130	393	0.6981868125383254
131	394	0.5524337485876396
131	395	0.8227378905861447
131	396	0.8562139888103062
132	397	0.8242461428489117
132	398	0.945992179433545
132	399	0.4164548631158962
133	400	0.4165966115400277
133	401	0.26912549305028355
133	402	0.16240781291878414
134	403	0.9469817007096901
134	404	0.06711186376567069
134	405	0.8363773671938967
135	406	0.0005663837710983
135	407	0.4598588620363945
135	408	0.9496566780622246
136	409	0.34024561812755516
136	410	0.14471221559920666
136	411	0.949802739514452
137	412	0.3002191535871799
137	413	0.8156663109660792
137	414	0.6402232607291541
138	415	0.8312312165374522
138	416	0.5528000471962148
138	417	0.07016486716522752
139	418	0.27731893067163615
139	419	0.09207992446818902
139	420	0.3663335877299285
140	421	0.8255543951525358
140	422	0.9541748728009285
140	423	0.8440037799094297
141	424	0.9391349432774291
141	425	0.4677065078223771
141	426	0.6227072506018342
142	427	0.9939250467858858
142	428	0.950623420118358
142	429	0.2920389097275653
143	430	0.7130329122832251
143	431	0.0381321245287537
143	432	0.46669812721173265
144	433	0.8211324867163348
144	434	0.3207909222760985
144	435	0.018852511906544578
145	436	0.5976016286162112
145	437	0.9071057046371485
145	438	0.25618512183494835
146	439	0.599725401621146
146	440	0.2463817381461989
146	441	0.9228230321374408
147	442	0.8460931493757771
147	443	0.29018337679479644
147	444	0.4651554937535065
148	445	0.5333875863095096
148	446	0.2009704318572506
148	447	0.44505155928017237
149	448	0.6278813213065282
149	449	0.5745929102856867
149	450	0.6839767024095003
150	451	0.6941954885895003
150	452	0.647441484870451
150	453	0.7740431476130185
151	454	0.6005679607832908
151	455	0.8071786898495427
151	456	0.8337861045160778
152	457	0.8124999386374556
152	458	0.5780453447814106
152	459	0.2716972154575218
153	460	0.7645951504671212
153	461	0.20917114781094404
153	462	0.37690649320061476
154	463	0.05281880295864372
154	464	0.823281136066559
154	465	0.6342470679535611
155	466	0.690048670733589
155	467	0.33910267436734043
155	468	0.5791666697049274
156	469	0.5518253749793438
156	470	0.4612920133509437
156	471	0.2675010074944101
157	472	0.4617325150769219
157	473	0.6821386682890769
157	474	0.4551009001602683
158	475	0.14557381417721216
158	476	0.45451896910004586
158	477	0.902449228715528
159	478	0.394734653121536
159	479	0.6534356109205491
159	480	0.38823206912317165
160	481	0.6359191526688993
160	482	0.41976416420892715
160	483	0.3180668093897068
161	484	0.9782829096634912
161	485	0.6010145814985476
161	486	0.7307758030335155
162	487	0.23253957221857857
162	488	0.8205037453239412
162	489	0.802868459582532
163	490	0.19630280699854574
163	491	0.7217184383835179
163	492	0.6718423614951597
164	493	0.465919149649478
164	494	0.6877789523312696
164	495	0.634160432223198
165	496	0.004818920275753702
165	497	0.9801846038512843
165	498	0.5956567426302359
166	499	0.9381935619882084
166	500	0.42177318167627154
166	501	0.48740071629409065
167	502	0.9108353144281505
167	503	0.0017788398544047457
167	504	0.4658032158270491
168	505	0.3170467180661144
168	506	0.006432652861243504
168	507	0.6945501462985901
169	508	0.7111792496241136
169	509	0.5895380087197665
169	510	0.3429033019916319
170	511	0.9067087289697161
170	512	0.34029530842649636
170	513	0.06042086311991024
171	514	0.15754825234583847
171	515	0.1809595195450443
171	516	0.9042906828831794
172	517	0.6205308430351412
172	518	0.1908870595816352
172	519	0.045934825934801804
173	520	0.18678222869923067
173	521	0.9315014037147471
173	522	0.09524114671569206
174	523	0.4354467621202641
174	524	0.3172264242537397
174	525	0.20953893787074218
175	526	0.33850920392542294
175	527	0.1546584502515681
175	528	0.31628640321968426
176	529	0.996235251247154
176	530	0.6334761306546368
176	531	0.8336671467169764
177	532	0.851857207041475
177	533	0.6075762154455832
177	534	0.588336336723832
178	535	0.14958115491348456
178	536	0.5056502430097026
178	537	0.5043403922116482
179	538	0.5493776974064332
179	539	0.24468706321101696
179	540	0.23842023927946443
180	541	0.38523287770492254
180	542	0.1798468440187737
180	543	0.041818697289743856
181	544	0.651749601651227
181	545	0.022492726701129895
181	546	0.671728555746206
182	547	0.6787264469873627
182	548	0.38584838038552494
182	549	0.8466187113624766
183	550	0.36344656574708945
183	551	0.4981906063227691
183	552	0.20216269181590274
184	553	0.6661121030960316
184	554	0.6555812128819277
184	555	0.6054095047557903
185	556	0.5259375916270101
185	557	0.02497003095042838
185	558	0.38900282938860653
186	559	0.29673938290056223
186	560	0.5553527529482115
186	561	0.20642445569782308
187	562	0.6538219212364188
187	563	0.4581800560226845
187	564	0.4442048891167706
188	565	0.33774630208902223
188	566	0.6437352314717418
188	567	0.8488254146916924
189	568	0.8445879691867306
189	569	0.6964415056548653
189	570	0.16886961274761636
190	571	0.524365346037236
190	572	0.35871497838296384
190	573	0.6620711359506409
191	574	0.040759236456295644
191	575	0.9855756152332721
191	576	0.7205346121813728
192	577	0.09882974168635239
192	578	0.4986417852105548
192	579	0.5480337827773712
193	580	0.17089551863486285
193	581	0.8083279987148391
193	582	0.2222603122608442
194	583	0.8770152897780473
194	584	0.8914164228971062
194	585	0.9888836769810151
195	586	0.426348789509983
195	587	0.6704714922946787
195	588	0.9410722238043903
196	589	0.5252098581088104
196	590	0.945990740379352
196	591	0.18654854918826747
197	592	0.05035191035772457
197	593	0.5853108377098685
197	594	0.7021787562056022
198	595	0.03614485931423406
198	596	0.5206091215675354
198	597	0.2105175453392818
199	598	0.15889429748168182
199	599	0.8576388715384101
199	600	0.6006984293615248
200	601	0.3278270810176771
200	602	0.3519281706105285
200	603	0.058890242750954114
201	604	0.05410098172655009
201	605	0.7997161662677661
201	606	0.6900398608328776
202	607	0.5367532037290527
202	608	0.12729305411907543
202	609	0.2787933648865861
203	610	0.2557682735672816
203	611	0.7384689477039591
203	612	0.06644403643844554
204	613	0.509038406164847
204	614	0.754775235376203
204	615	0.6892206314784988
205	616	0.3561469429520432
205	617	0.5007597667496043
205	618	0.15186335667770645
206	619	0.7446698140907887
206	620	0.11344529425586358
206	621	0.38712232656823364
207	622	0.932296464096125
207	623	0.3283118354411959
207	624	0.8891188403101415
208	625	0.1319228525350571
208	626	0.9298735037007932
208	627	0.6066083727844852
209	628	0.6493758782766461
209	629	0.06673592846386212
209	630	0.182552898208313
210	631	0.7975396664703354
210	632	0.1181117032964265
210	633	0.7906241193249569
211	634	0.46428455252688994
211	635	0.558334816977089
211	636	0.4977834121932133
212	637	0.7779128383676422
212	638	0.33784397511933206
212	639	0.7129532496977278
213	640	0.09166766646106406
213	641	0.19988669954452487
213	642	0.14700378695556926
214	643	0.6965185922064039
214	644	0.06292888673036579
214	645	0.06802395646688508
215	646	0.24120047494453545
215	647	0.7322446690241685
215	648	0.9598038338765211
216	649	0.15531121862966746
216	650	0.4101639108905979
216	651	0.5293751455061444
217	652	0.4735926768800317
217	653	0.47059490223901634
217	654	0.8243892863571715
218	655	0.5503938298956207
218	656	0.006914707618180915
218	657	0.057074274028857785
219	658	0.6597539409286156
219	659	0.7067204765337879
219	660	0.4025006774622927
220	661	0.1160370028050155
220	662	0.6559611834279668
220	663	0.5637242989838507
221	664	0.6452171790603198
221	665	0.05818986783575031
221	666	0.41022828168677883
222	667	0.9484500882205734
222	668	0.46612017309465703
222	669	0.3434552075954985
223	670	0.7156270859422039
223	671	0.6038467864333054
223	672	0.7990516693473264
224	673	0.8891228845432511
224	674	0.510984923277606
224	675	0.7371435791322226
225	676	0.7959226378193385
225	677	0.4429854033709415
225	678	0.4990309219383193
226	679	0.4709820410458808
226	680	0.1590501062380585
226	681	0.6848179483113254
227	682	0.4356347851693727
227	683	0.19930039447687953
227	684	0.6947130298192796
228	685	0.28438751648780647
228	686	0.7300875035840853
228	687	0.59944752766497
229	688	0.19959470697862103
229	689	0.248969285016011
229	690	0.528499237704134
230	691	0.3308339018290277
230	692	0.7577838746568907
230	693	0.7142403127898559
231	694	0.6467117173680685
231	695	0.29428561080935134
231	696	0.8429962432426261
232	697	0.8728862877317276
232	698	0.14928545909367397
232	699	0.31414623628771543
233	700	0.26997269036161664
233	701	0.19430239300956587
233	702	0.29489626129933166
234	703	0.21346901211829683
234	704	0.7615516624518645
234	705	0.45126316047556325
235	706	0.22217450968335362
235	707	0.17021200261104752
235	708	0.6076290669633938
236	709	0.7821421565194461
236	710	0.7592326372451377
236	711	0.7206421168895148
237	712	0.9621275307800948
237	713	0.03557158722953724
237	714	0.33799169711811805
238	715	0.1991231502055304
238	716	0.7180722971006576
238	717	0.42701071881504904
239	718	0.15307994079062504
239	719	0.6523594357115041
239	720	0.5673589610850266
240	721	0.6714573842449275
240	722	0.9706698707752307
240	723	0.40114655284489087
241	724	0.5542289108196606
241	725	0.7847178499651906
241	726	0.7728586689458252
242	727	0.22088059807911908
242	728	0.01847656203748238
242	729	0.8986640125446499
243	730	0.9850121003700889
243	731	0.00604276184988517
243	732	0.17811540427744832
244	733	0.6053696781140464
244	734	0.538889685480558
244	735	0.6361299139883663
245	736	0.5369516503581202
245	737	0.03148638103252677
245	738	0.3797049636115477
246	739	0.6474175127902871
246	740	0.0012289660118504075
246	741	0.011790407474551401
247	742	0.3387146102194081
247	743	0.18130014221412238
247	744	0.39851351946366353
248	745	0.4147602815634439
248	746	0.8079598124413854
248	747	0.7299856893098357
249	748	0.28344627491423624
249	749	0.043291130325823435
249	750	0.09033016188750753
250	751	0.23724528646624832
250	752	0.3189728274160145
250	753	0.7859023159295673
251	754	0.6157485048649909
251	755	0.7569072881477402
251	756	0.3021516266429637
252	757	0.40083632697876115
252	758	0.30776451845832375
252	759	0.0923714090280473
253	760	0.445610910310684
253	761	0.3132173255858597
253	762	0.1955091812857649
254	763	0.9153059078411016
254	764	0.7126632963577146
254	765	0.9068599124903818
255	766	0.868600019672123
255	767	0.4693845862073658
255	768	0.9861432962398762
256	769	0.7773350805755659
256	770	0.03377382808051255
256	771	0.1753560389360711
257	772	0.9433795584556841
257	773	0.9197141800590611
257	774	0.3766776027267488
258	775	0.9747659763459197
258	776	0.11564726047346963
258	777	0.967049667438897
259	778	0.03370993944765366
259	779	0.16878793932542535
259	780	0.05264944717346298
260	781	0.739922728247144
260	782	0.4493595946839337
260	783	0.995593257438799
261	784	0.12693766307168075
261	785	0.5366826359494816
261	786	0.6677278787446251
262	787	0.40255658505451786
262	788	0.24029461790052586
262	789	0.28864250637475486
263	790	0.4540893395195795
263	791	0.0907334901437078
263	792	0.1382346209289198
264	793	0.5318294272254372
264	794	0.5829885229874149
264	795	0.9568795701713709
265	796	0.6816245784279134
265	797	0.9556987205497766
265	798	0.44638599020146796
266	799	0.317861409140354
266	800	0.7438056153616541
266	801	0.35879596614720144
267	802	0.8761549685709629
267	803	0.9465592674951421
267	804	0.22561563468344537
268	805	0.4596528169398838
268	806	0.8536877086637885
268	807	0.16387663577667078
269	808	0.25607342479498274
269	809	0.939314219365051
269	810	0.9805133158992131
270	811	0.17287139570831767
270	812	0.2869751253244981
270	813	0.3925404665164185
271	814	0.04349305766130662
271	815	0.7305731758217195
271	816	0.7628383554728377
272	817	0.3389185571155837
272	818	0.3953341336487486
272	819	0.3640476386068038
273	820	0.530108200502879
273	821	0.14974694700010538
273	822	0.44917170297860554
274	823	0.019545806010087374
274	824	0.2506106057525157
274	825	0.09277244964867992
275	826	0.3953447637244185
275	827	0.6765041651271041
275	828	0.23794025057088453
276	829	0.29868552305892293
276	830	0.23944918227307055
276	831	0.2786863411071845
277	832	0.2603825437223637
277	833	0.8635184851128532
277	834	0.5252451494063314
278	835	0.8116733864537944
278	836	0.9886762778607183
278	837	0.6619462067070845
279	838	0.9048512013314131
279	839	0.00864922724401973
279	840	0.5715905938415099
280	841	0.09448080083507193
280	842	0.9922779198328193
280	843	0.5937929893074836
281	844	0.08390528738409087
281	845	0.5883105644131236
281	846	0.4181614547711814
282	847	0.9382395490861397
282	848	0.927041366278671
282	849	0.4976481863176311
283	850	0.4901607652694272
283	851	0.47997023847994347
283	852	0.5556208668347229
284	853	0.08202466045470957
284	854	0.6969558202939166
284	855	0.8112266442857102
285	856	0.5881782005619307
285	857	0.9148983232749466
285	858	0.3922651257905345
286	859	0.2521081496979024
286	860	0.12401299942831101
286	861	0.7646377005974837
287	862	0.16345637866133345
287	863	0.7083776480852743
287	864	0.44597931346481823
288	865	0.018890480396642095
288	866	0.3844780422633487
288	867	0.35088751575893173
289	868	0.6217406898686723
289	869	0.9674468442326758
289	870	0.6899544289456645
290	871	0.8026011516347242
290	872	0.5599345208741398
290	873	0.36946789092449717
291	874	0.7244161536778475
291	875	0.4063422235424151
291	876	0.1510631855071083
292	877	0.38267472141693826
292	878	0.7808842175987836
292	879	0.21438852710048717
293	880	0.6099042369355393
293	881	0.7466172261963667
293	882	0.05146721023774081
294	883	0.5007450826431931
294	884	0.8423445652909454
294	885	0.8951230359711927
295	886	0.06357618213226723
295	887	0.13008008999322695
295	888	0.15421965372346214
296	889	0.26981346790761296
296	890	0.5620379704739029
296	891	0.7991825811961243
297	892	0.5555059577335303
297	893	0.5315388137188605
297	894	0.8849652268434742
298	895	0.5829116420721027
298	896	0.38474799598959086
298	897	0.3027655091308824
299	898	0.9315294133413494
299	899	0.5082317139455498
299	900	0.42409617338944516
300	901	0.6529667239325484
300	902	0.6498114236389366
300	903	0.49365379876286486
301	904	0.33996321647711003
301	905	0.12888853479358087
301	906	0.6024068611277845
302	907	0.8886127911262243
302	908	0.3350382430145751
302	909	0.02442498268998905
303	910	0.1819270153499074
303	911	0.537166216162258
303	912	0.18284330234678647
304	913	0.8732928653140389
304	914	0.5924346760358227
304	915	0.7752532615824468
305	916	0.2505012129238343
305	917	0.7421287519099893
305	918	0.3310471020373198
306	919	0.36450885233421326
306	920	0.14081525764198877
306	921	0.550263405123068
307	922	0.79339036727267
307	923	0.40512059714598136
307	924	0.39323691757622503
308	925	0.025265101913444443
308	926	0.6431418311606958
308	927	0.6390977195843883
309	928	0.8497813215021605
309	929	0.6754296216020614
309	930	0.7321944886156742
310	931	0.15283158924448614
310	932	0.616922439634576
310	933	0.603906144917377
311	934	0.8299048521199116
311	935	0.5916419636893956
311	936	0.8383221273470733
312	937	0.6332599861325796
312	938	0.6331696742042845
312	939	0.09572465710002331
313	940	0.3228256184834152
313	941	0.4309568524744857
313	942	0.6927923976143735
314	943	0.5908394365898236
314	944	0.1115186137083638
314	945	0.21591606508939032
315	946	0.9548204034925796
315	947	0.4895651239553481
315	948	0.8513305597546951
316	949	0.41575954838951146
316	950	0.5658343389724023
316	951	0.9911527278044393
317	952	0.23124824757951212
317	953	0.23605765659934874
317	954	0.11895545076883052
318	955	0.5904005674884215
318	956	0.20182867461031073
318	957	0.577189501146109
319	958	0.7866729400908908
319	959	0.27913632067563776
319	960	0.5786201108737098
320	961	0.7139599247900715
320	962	0.03948230965118116
320	963	0.6345497150202319
321	964	0.5101165977179325
321	965	0.3714320745067444
321	966	0.3816557551295353
322	967	0.977527227737876
322	968	0.7328140210378778
322	969	0.3036661903104074
323	970	0.6391877252370406
323	971	0.0843823690868033
323	972	0.7337563029946719
324	973	0.16152826582052704
324	974	0.3203804814498252
324	975	0.49920652042115
325	976	0.6470614492309563
325	977	0.2369553629909098
325	978	0.6742532566430951
326	979	0.24972999574351373
326	980	0.4611699252318421
326	981	0.7479143245246426
327	982	0.28499817613270295
327	983	0.4887362105888743
327	984	0.33468332871752016
328	985	0.981201071951336
328	986	0.9167696318123603
328	987	0.2941892992765254
329	988	0.35393433782359474
329	989	0.8541349254456989
329	990	0.3629265121186922
330	991	0.2385308717894824
330	992	0.21553117311478565
330	993	0.5674399649305103
331	994	0.973973917359401
331	995	0.5031915019217597
331	996	0.2890210741408151
332	997	0.7154741999577066
332	998	0.20392230688551904
332	999	0.6642096253985275
333	1000	0.8903172646238185
333	1001	0.07440329385869515
333	1002	0.594892596564429
334	1003	0.7903544786448937
334	1004	0.3066022331710635
334	1005	0.2684437680892122
335	1006	0.23477013695915983
335	1007	0.4916261297667188
335	1008	0.0313703845491895
336	1009	0.7571965627347937
336	1010	0.44346999922985164
336	1011	0.06915739737670623
337	1012	0.03039422148799975
337	1013	0.1176452014271192
337	1014	0.633801150290334
338	1015	0.9991431524225097
338	1016	0.8253328543611903
338	1017	0.16993330949739371
339	1018	0.011977615756815108
339	1019	0.6024792696842289
339	1020	0.7626306587511101
340	1021	0.22834330216483878
340	1022	0.3292089742086095
340	1023	0.3885090746545081
341	1024	0.10347751875347366
341	1025	0.036353329239282806
341	1026	0.13058606137772044
342	1027	0.8687266022971766
342	1028	0.8475654671346428
342	1029	0.7439492514405234
343	1030	0.40287834776378717
343	1031	0.5443900004107886
343	1032	0.6025312184589712
344	1033	0.05410121872481988
344	1034	0.10403522868166837
344	1035	0.38188956214504377
345	1036	0.8196527691582737
345	1037	0.5836795284330125
345	1038	0.2743406621560349
346	1039	0.9222958699985768
346	1040	0.6856988610827501
346	1041	0.8802751565109301
347	1042	0.7882639843883485
347	1043	0.5025182798755314
347	1044	0.562669440117409
348	1045	0.1731134387246408
348	1046	0.897639464513282
348	1047	0.0625843364047155
349	1048	0.959558358033078
349	1049	0.7905533650724244
349	1050	0.05335308451664189
350	1051	0.9961088829071506
350	1052	0.8039417076443857
350	1053	0.4306578806457514
351	1054	0.3967914050026681
351	1055	0.21840062731045706
351	1056	0.0482993990863706
352	1057	0.9383543188685017
352	1058	0.6927754731269979
352	1059	0.6388263039495271
353	1060	0.3524232989179473
353	1061	0.20340023274293784
353	1062	0.00231631842928548
354	1063	0.10363356770600951
354	1064	0.08039852313828
354	1065	0.3069011116936031
355	1066	0.7423314813100433
355	1067	0.45333846507672926
355	1068	0.5096181971805694
356	1069	0.37153076180359546
356	1070	0.15812323584654042
356	1071	0.4270956679228598
357	1072	0.39880159698805506
357	1073	0.7149864325700155
357	1074	0.7798233420223085
358	1075	0.19424541461551592
358	1076	0.5362714448199131
358	1077	0.6150351667360798
359	1078	0.07873202705730997
359	1079	0.7736073835327697
359	1080	0.2644993924801845
360	1081	0.6757095494391345
360	1082	0.2360537115690211
360	1083	0.43480091067743787
361	1084	0.6203435019733209
361	1085	0.49823779201675955
361	1086	0.7864630769131877
362	1087	0.6071910585550084
362	1088	0.42471552506557564
362	1089	0.7151093021419331
363	1090	0.6563719215364013
363	1091	0.06794729318007953
363	1092	0.9688068832607246
364	1093	0.7653929742168358
364	1094	0.15301751529387086
364	1095	0.6500000244354855
365	1096	0.35128854944206767
365	1097	0.7180304050160562
365	1098	0.15645521852393485
366	1099	0.22822853108619545
366	1100	0.5926158456497207
366	1101	0.4885168014357587
367	1102	0.39599950104669723
367	1103	0.08482392740421485
367	1104	0.2706072724591627
368	1105	0.19519198573153618
368	1106	0.010392164430134243
368	1107	0.9611092059087225
369	1108	0.17739408181052296
369	1109	0.40293400097964005
369	1110	0.5571041229261078
370	1111	0.9523674411375875
370	1112	0.7516357236169373
370	1113	0.3576045920680887
371	1114	0.7602409592127055
371	1115	0.9411000275528125
371	1116	0.9125952616768767
372	1117	0.995085440853541
372	1118	0.4200029144084463
372	1119	0.7358033603991685
373	1120	0.8192197739536786
373	1121	0.8455121440329211
373	1122	0.9266915014475643
374	1123	0.174092144130923
374	1124	0.958103167408238
374	1125	0.9642268548552938
375	1126	0.771871023054029
375	1127	0.31922423331592875
375	1128	0.9099490651639558
376	1129	0.38371699272794246
376	1130	0.6772028385132007
376	1131	0.8310450519300623
377	1132	0.7758415330867219
377	1133	0.5729973200482968
377	1134	0.6470212299909068
378	1135	0.19685230050865954
378	1136	0.2474259221892715
378	1137	0.35413407420588505
379	1138	0.6513816579302627
379	1139	0.42131029912188556
379	1140	0.6519254795425378
380	1141	0.8556437201203787
380	1142	0.45845464083458987
380	1143	0.9790920238773151
381	1144	0.24723663540979757
381	1145	0.004660449789248289
381	1146	0.566311108634487
382	1147	0.030010762094567545
382	1148	0.8736207558087297
382	1149	0.21953524277030256
383	1150	0.06180337014827264
383	1151	0.8966912679161673
383	1152	0.11167693411956159
384	1153	0.2606664286059488
384	1154	0.8275708878251946
384	1155	0.2562620382408257
385	1156	0.4912186011534697
385	1157	0.42417819170326687
385	1158	0.12556906463267903
386	1159	0.48883149004655546
386	1160	0.9955496523173558
386	1161	0.3014201643904715
387	1162	0.2641874782129673
387	1163	0.4217372821440273
387	1164	0.8586803949086849
388	1165	0.6176098909110004
388	1166	0.8576644950320076
388	1167	0.26842856912819146
389	1168	0.926719756151628
389	1169	0.5998620314652852
389	1170	0.689714083361886
390	1171	0.2587892652550756
390	1172	0.35922347384953346
390	1173	0.12847988419271672
391	1174	0.2517583987944926
391	1175	0.3945212385835333
391	1176	0.2953715129069061
392	1177	0.24023410277126833
392	1178	0.07232367728230016
392	1179	0.7050912426794071
393	1180	0.9312132659467965
393	1181	0.6754662864643751
393	1182	0.4946079233719409
394	1183	0.6576921413299834
394	1184	0.7112689392104363
394	1185	0.3844323099539728
395	1186	0.13244964490265965
395	1187	0.6942162620298915
395	1188	0.9620768840738286
396	1189	0.04395272908141412
396	1190	0.6376874560392548
396	1191	0.28955254054873514
397	1192	0.6414780686953151
397	1193	0.639271979160508
397	1194	0.38437139988877256
398	1195	0.6156442233844416
398	1196	0.7004651166213528
398	1197	0.8224645655090118
399	1198	0.8113902682711798
399	1199	0.15374966427730685
399	1200	0.3113066176835423
400	1201	0.38656329505502796
400	1202	0.4792422155194733
400	1203	0.05615648653019756
401	1204	0.7900512977148458
401	1205	0.18080507930675416
401	1206	0.01579457862368272
402	1207	0.06961842258422868
402	1208	0.8802578885428041
402	1209	0.9835093931200083
403	1210	0.8909708323616364
403	1211	0.9529720758503861
403	1212	0.2256176840113827
404	1213	0.9238694047683003
404	1214	0.2534226073699839
404	1215	0.8414183345229908
405	1216	0.3771983173165333
405	1217	0.9035466405166317
405	1218	0.7759216903514151
406	1219	0.7588239439052367
406	1220	0.4209563022657318
406	1221	0.7432747259459151
407	1222	0.3438043955308371
407	1223	0.740718836846348
407	1224	0.06696263849047612
408	1225	0.5587540342199523
408	1226	0.9504647504838277
408	1227	0.35037700962269036
409	1228	0.8051213763780359
409	1229	0.2399981595517936
409	1230	0.06555550925133935
410	1231	0.647408599097014
410	1232	0.8122041633810325
410	1233	0.4929990887428525
411	1234	0.46580822549192313
411	1235	0.5701538149303855
411	1236	0.3207283365454844
412	1237	0.7195802946718834
412	1238	0.9094714701294977
412	1239	0.6340148646161171
413	1240	0.6476965189389852
413	1241	0.5180048042889719
413	1242	0.6731212603265305
414	1243	0.1914568581733722
414	1244	0.807015148714385
414	1245	0.08157747962073492
415	1246	0.5888918641724384
415	1247	0.32052165873984817
415	1248	0.47727265863602
416	1249	0.36868724122714946
416	1250	0.8220417636376298
416	1251	0.3871706831514322
417	1252	0.4140977024097753
417	1253	0.6065944456458455
417	1254	0.6128344853182697
418	1255	0.09198130461953602
418	1256	0.7898176715302131
418	1257	0.2810840234061702
419	1258	0.04378146350059564
419	1259	0.2771141634751264
419	1260	0.7609092131414321
420	1261	0.13508154206909684
420	1262	0.8014906981157216
420	1263	0.2829062475741986
421	1264	0.5214679236213499
421	1265	0.5569854206977406
421	1266	0.9675910499979664
422	1267	0.9433043376244116
422	1268	0.8827275475857544
422	1269	0.7499384333155468
423	1270	0.7552080765693847
423	1271	0.7661000678859909
423	1272	0.11106459465551866
424	1273	0.9849451441207351
424	1274	0.03840259127122869
424	1275	0.7553368801465689
425	1276	0.08169816644810812
425	1277	0.6303706583009933
425	1278	0.10303729310939425
426	1279	0.21580112152383046
426	1280	0.5777762428236826
426	1281	0.23813085867318118
427	1282	0.9917719764223027
427	1283	0.8772495877035447
427	1284	0.09724392187999487
428	1285	0.7598135762646092
428	1286	0.3041669960711263
428	1287	0.6685010889395863
429	1288	0.7467357259998854
429	1289	0.31595208151782184
429	1290	0.14552034529068236
430	1291	0.3839348612135054
430	1292	0.9600605657331991
430	1293	0.7865780380453089
431	1294	0.5195616833642387
431	1295	0.6449530020374655
431	1296	0.6203217772437513
432	1297	0.8247962145454677
432	1298	0.6660322749834977
432	1299	0.8105703339453755
433	1300	0.6272785085069116
433	1301	0.7543656642830402
433	1302	0.8433749010429609
434	1303	0.5152988888516118
434	1304	0.20249607403832792
434	1305	0.10172265019197047
435	1306	0.6037082832746119
435	1307	0.3415348722969306
435	1308	0.23324262158424014
436	1309	0.7458871749674981
436	1310	0.9204890922364832
436	1311	0.3059658225563444
437	1312	0.9605928608051477
437	1313	0.9349025417634697
437	1314	0.39129667716610395
438	1315	0.6417177590199046
438	1316	0.8656068902071405
438	1317	0.9203307534013323
439	1318	0.9198853810751865
439	1319	0.7247201191296856
439	1320	0.49822931648684166
440	1321	0.5019174713668596
440	1322	0.6456082109576213
440	1323	0.7106933993175295
441	1324	0.6750675697430404
441	1325	0.22608169667528955
441	1326	0.03905947937696508
442	1327	0.2801515041381174
442	1328	0.1818855585818293
442	1329	0.5611816906022129
443	1330	0.5118135721667322
443	1331	0.7909861303540238
443	1332	0.10113671833449922
444	1333	0.19847151408330477
444	1334	0.33629054759969323
444	1335	0.6215511095156625
445	1336	0.6372266259007933
445	1337	0.6228412971609436
445	1338	0.4702500898583728
446	1339	0.896440141740027
446	1340	0.2662592000194941
446	1341	0.631995352978818
447	1342	0.18264419106081053
447	1343	0.9252517191108104
447	1344	0.5513510264140319
448	1345	0.6799373151408268
448	1346	0.8570656750255945
448	1347	0.8342590431305775
449	1348	0.9807999979596548
449	1349	0.7458950810485601
449	1350	0.0032101236009054457
450	1351	0.03198890705800228
450	1352	0.2612574397735308
450	1353	0.7159380132596959
451	1354	0.05038263658080255
451	1355	0.986848341146384
451	1356	0.10460955334749811
452	1357	0.4066640931953607
452	1358	0.9005180690624616
452	1359	0.7345985096207361
453	1360	0.9237433979653025
453	1361	0.8823033818486804
453	1362	0.21428904147135353
454	1363	0.9227068215320648
454	1364	0.8830774226809072
454	1365	0.8626199985084616
455	1366	0.15472086063619928
455	1367	0.529701147776227
455	1368	0.7923023987509061
456	1369	0.016538497322722057
456	1370	0.6381964766402566
456	1371	0.509132019620296
457	1372	0.26783315322449963
457	1373	0.4486594683883455
457	1374	0.37319708549800823
458	1375	0.7567728788651403
458	1376	0.9565764415468172
458	1377	0.228861151652762
459	1378	0.2028055348609613
459	1379	0.05999966713055205
459	1380	0.6994620661097397
460	1381	0.08866497691136543
460	1382	0.9510789062440774
460	1383	0.6210307926720321
461	1384	0.9311347363263405
461	1385	0.19814643374016894
461	1386	0.8277049625214825
462	1387	0.22954918371533684
462	1388	0.8307957212063302
462	1389	0.17270597764111462
463	1390	0.047517323567616954
463	1391	0.619350783652159
463	1392	0.14269329184198987
464	1393	0.3531161248859793
464	1394	0.8646371810398191
464	1395	0.07605659897367756
465	1396	0.703419216160245
465	1397	0.1614459214284656
465	1398	0.22221150492348962
466	1399	0.6707943615196374
466	1400	0.6729288436118048
466	1401	0.8516511529375776
467	1402	0.1767292706536694
467	1403	0.2244528873680084
467	1404	0.5606686956578785
468	1405	0.8083335416240068
468	1406	0.47421966153248496
468	1407	0.457095993947483
469	1408	0.685254259628225
469	1409	0.6831425395764567
469	1410	0.4603928649646518
470	1411	0.36962815825980344
470	1412	0.3340631760654653
470	1413	0.6094827837935922
471	1414	0.7556753752153804
471	1415	0.39734346705830614
471	1416	0.96235105776709
472	1417	0.004393622856717183
472	1418	0.21311720351668484
472	1419	0.1304039833187275
473	1420	0.702998062212717
473	1421	0.37456076131050964
473	1422	0.7299006925004933
474	1423	0.63382283967556
474	1424	0.48815396088598306
474	1425	0.496201723046516
475	1426	0.5275037503169999
475	1427	0.8230364489770103
475	1428	0.7775661503342588
476	1429	0.50136547101434
476	1430	0.5366061184443985
476	1431	0.392451196943868
477	1432	0.5568875807441991
477	1433	0.25615255488489386
477	1434	0.7031811816341377
478	1435	0.12788334195246653
478	1436	0.21409266919597336
478	1437	0.5612371332000374
479	1438	0.009490475630712591
479	1439	0.8337658421233096
479	1440	0.6449235051092445
480	1441	0.39249299304854257
480	1442	0.05613070785926111
480	1443	0.9077567291231557
481	1444	0.6235801467285286
481	1445	0.8157113158192768
481	1446	0.9758485573497505
482	1447	0.37871184990468865
482	1448	0.5445935661754443
482	1449	0.5705443892430311
483	1450	0.6806779467209015
483	1451	0.6902575536654906
483	1452	0.6866783532366056
484	1453	0.36166346823783524
484	1454	0.8868828407536656
484	1455	0.776514733500207
485	1456	0.8292330386326857
485	1457	0.3045149217451536
485	1458	0.9805968804580734
486	1459	0.2788746023048926
486	1460	0.7532589429327381
486	1461	0.4706874374475144
487	1462	0.5775440593387181
487	1463	0.2998604401208661
487	1464	0.47251023239960943
488	1465	0.8251760447498717
488	1466	0.13253512749950458
488	1467	0.1455718398797038
489	1468	0.8097083928385362
489	1469	0.10360278901595077
489	1470	0.6985126615986501
490	1471	0.834868174539847
490	1472	0.14201597690969203
490	1473	0.11528765436065769
491	1474	0.22712166923663168
491	1475	0.8225536628961816
491	1476	0.1884416246984727
492	1477	0.6820819735019931
492	1478	0.35363649999510804
492	1479	0.40605920742737456
493	1480	0.7183825881584301
493	1481	0.8331286507990564
493	1482	0.7473284561315573
494	1483	0.6864114293357824
494	1484	0.19329487245218713
494	1485	0.8211210698043043
495	1486	0.7406128951678826
495	1487	0.21236639626634002
495	1488	0.45943785327563624
496	1489	0.2463951894389681
496	1490	0.4637030018105336
496	1491	0.1542826234385276
497	1492	0.7743906990593089
497	1493	0.26761693145552745
497	1494	0.4318629613320252
498	1495	0.7513237200789211
498	1496	0.056531664807789705
498	1497	0.4773974187772788
499	1498	0.8141245441187783
499	1499	0.6421132591479969
499	1500	0.16843906693546407
500	1501	0.5719413531191206
500	1502	0.24590268425388184
500	1503	0.5971053472688154
501	1504	0.9526895437439165
501	1505	0.08290870399053363
501	1506	0.37109497288517945
502	1507	0.5899212184899351
502	1508	0.9672812247341224
502	1509	0.9578932930774307
503	1510	0.21160056288117168
503	1511	0.5350789202557769
503	1512	0.2835773711538554
504	1513	0.9799108878601122
504	1514	0.913722955424986
504	1515	0.34624904010799107
505	1516	0.6895441843520141
505	1517	0.9293967853830882
505	1518	0.4670178848817802
506	1519	0.6283295969845895
506	1520	0.8814382204362952
506	1521	0.4707142970514634
507	1522	0.8958082756316117
507	1523	0.8616683492898927
507	1524	0.19138015318467838
508	1525	0.3891749813851102
508	1526	0.8916527817058693
508	1527	0.36138339700190847
509	1528	0.17122735273735357
509	1529	0.48318130542382576
509	1530	0.319595965761711
510	1531	0.3497178701887669
510	1532	0.04006698406282927
510	1533	0.026858240044991044
511	1534	0.6772048554237163
511	1535	0.6332558035566964
511	1536	0.8248480945260709
512	1537	0.8691650907508737
512	1538	0.0368764517316047
512	1539	0.739128642835947
513	1540	0.5790303325416712
513	1541	0.546155659752526
513	1542	0.9580888762232971
514	1543	0.9003517692552885
514	1544	0.3514654757562289
514	1545	0.005414049168930846
515	1546	0.5097917741058527
515	1547	0.3066132605332348
515	1548	0.6153346808842017
516	1549	0.19959690391239227
516	1550	0.8229548015748969
516	1551	0.029316795737508672
517	1552	0.5298447149110511
517	1553	0.687800706142886
517	1554	0.6625766360955897
518	1555	0.9807484747665329
518	1556	0.8702412518101759
518	1557	0.18195660604472352
519	1558	0.0109297258335469
519	1559	0.7833617358056371
519	1560	0.09360684590360413
520	1561	0.9301081691219372
520	1562	0.7387191987878441
520	1563	0.9390432198514421
521	1564	0.07548081264671647
521	1565	0.30402252996997725
521	1566	0.39003268687341175
522	1567	0.9965764214238966
522	1568	0.7640680289788606
522	1569	0.18958835129542384
523	1570	0.9539809251874233
523	1571	0.4884465843757836
523	1572	0.21820665925681937
524	1573	0.8473142362602358
524	1574	0.27411207998116094
524	1575	0.4917049221909928
525	1576	0.9628479546358549
525	1577	0.6866255536377762
525	1578	0.07097501716548738
526	1579	0.7615393031070175
526	1580	0.5166712877013626
526	1581	0.4185285265681633
527	1582	0.10415599057904612
527	1583	0.8492737660819303
527	1584	0.9892969950437056
528	1585	0.19018193719951715
528	1586	0.10235076935830356
528	1587	0.08691578201937655
529	1588	0.03440940479731225
529	1589	0.4668184514009587
529	1590	0.4287944937824555
530	1591	0.5517458541041405
530	1592	0.7421442910906575
530	1593	0.4565493238637621
531	1594	0.05731276392144535
531	1595	0.8329860273472965
531	1596	0.6338400846681349
532	1597	0.69688078478023
532	1598	0.41788031413673365
532	1599	0.5186306591590797
533	1600	0.6968481219715241
533	1601	0.31846868063516065
533	1602	0.5555170509803459
534	1603	0.8798811876475515
534	1604	0.009653973734978005
534	1605	0.4668071990001834
535	1606	0.11817674892013696
535	1607	0.15845767497586083
535	1608	0.6820480967155625
536	1609	0.1972822876421254
536	1610	0.7184863734672242
536	1611	0.2932345455964823
537	1612	0.5751832961419442
537	1613	0.9729555539219111
537	1614	0.608814325092692
538	1615	0.08386510279875758
538	1616	0.844569634547853
538	1617	0.31088442798997695
539	1618	0.9269614223174505
539	1619	0.2657816164914397
539	1620	0.6219467613490598
540	1621	0.045034451967376876
540	1622	0.9955405868237118
540	1623	0.22456855432984013
541	1624	0.7431512703089752
541	1625	0.998569577953496
541	1626	0.03355336944597953
542	1627	0.5659045260479959
542	1628	0.16071469592486198
542	1629	0.7916669228014096
543	1630	0.7946299769246383
543	1631	0.146445387709485
543	1632	0.579990471238444
544	1633	0.21293602918442056
544	1634	0.9591255634318436
544	1635	0.23064508821490304
545	1636	0.8156968715971862
545	1637	0.24360576891863994
545	1638	0.6907031420657557
546	1639	0.7265055316058507
546	1640	0.6155268650257815
546	1641	0.6845755403285954
547	1642	0.6419626496131345
547	1643	0.6739622304530842
547	1644	0.7062597989207738
548	1645	0.6039843317092197
548	1646	0.17547942343456335
548	1647	0.9357811206306171
549	1648	0.2876009339773672
549	1649	0.9258270638124872
549	1650	0.1721446931635202
550	1651	0.5273980719434759
550	1652	0.4513261948355357
550	1653	0.7847099279974
551	1654	0.8588999198205678
551	1655	0.4381293908390721
551	1656	0.12470171434003152
552	1657	0.9537558501306792
552	1658	0.41355944957152346
552	1659	0.03808455869363614
553	1660	0.994293516470756
553	1661	0.3253229872076737
553	1662	0.4479831945973345
554	1663	0.48748975010152207
554	1664	0.4227865422654784
554	1665	0.8424288283916471
555	1666	0.21947141070230802
555	1667	0.09063741901399358
555	1668	0.4285274581345987
556	1669	0.5178224145856419
556	1670	0.4603077329086599
556	1671	0.6855252945682718
557	1672	0.14837260673983432
557	1673	0.0674357763480885
557	1674	0.8154344930172858
558	1675	0.7137400428635972
558	1676	0.15614164376531925
558	1677	0.39610837204287797
559	1678	0.1329430997532114
559	1679	0.031221009218482143
559	1680	0.13816968192424572
560	1681	0.44823550612448915
560	1682	0.9811961416040301
560	1683	0.9435930563841158
561	1684	0.8053446079979337
561	1685	0.21386259210328218
561	1686	0.35231663419465364
562	1687	0.49025819264908654
562	1688	0.24406668652513563
562	1689	0.36227892285065855
563	1690	0.14067648059693083
563	1691	0.7836009916830502
563	1692	0.035685566239326394
564	1693	0.46805393029940034
564	1694	0.8806886069844965
564	1695	0.2033349314128562
565	1696	0.16009810701139982
565	1697	0.8023304870843673
565	1698	0.271981990716308
566	1699	0.8028989133504264
566	1700	0.6579016440103753
566	1701	0.7428696853693971
567	1702	0.12325423897706134
567	1703	0.6941762575632885
567	1704	0.2533660510279433
568	1705	0.08692482185288697
568	1706	0.8572392190426632
568	1707	0.6992584175017118
569	1708	0.4917287900966063
569	1709	0.7559564360160262
569	1710	0.8475040104082097
570	1711	0.9482797081429026
570	1712	0.3331117589931102
570	1713	0.4932904624055613
571	1714	0.9146988786066891
571	1715	0.35830036460054615
571	1716	0.025553206164563358
572	1717	0.5025079309259534
572	1718	0.673777428122453
572	1719	0.31105103666208456
573	1720	0.8186433535417516
573	1721	0.676635739155939
573	1722	0.8593114082853833
574	1723	0.05983999741811308
574	1724	0.8401425228318404
574	1725	0.7432887246478795
575	1726	0.07051077923355686
575	1727	0.6088371931143586
575	1728	0.9991754360058966
576	1729	0.3528194834702961
576	1730	0.060726797478606764
576	1731	0.47171992213128855
577	1732	0.21145490696441516
577	1733	0.0916221508783518
577	1734	0.642544841812689
578	1735	0.4736414853505113
578	1736	0.017870872558685913
578	1737	0.7072036163405544
579	1738	0.8899850547224948
579	1739	0.6784405042234668
579	1740	0.9377756903559947
580	1741	0.659938150244577
580	1742	0.14135635952047576
580	1743	0.34755074695782606
581	1744	0.6976581583388917
581	1745	0.13210718892455509
581	1746	0.2893834787084071
582	1747	0.5115682651323101
582	1748	0.4458437008300209
582	1749	0.10898337096456612
583	1750	0.8434025931827727
583	1751	0.8169248825798546
583	1752	0.5154854995235347
584	1753	0.7064177997940965
584	1754	0.3202792825877385
584	1755	0.7183848254570253
585	1756	0.6940469097478259
585	1757	0.31268429511386586
585	1758	0.6096239015991786
586	1759	0.30263669814386485
586	1760	0.007039138848199067
586	1761	0.9850725218751668
587	1762	0.3897251416050883
587	1763	0.6130270283923096
587	1764	0.47365771734404283
588	1765	0.7261477828697552
588	1766	0.8294469125774698
588	1767	0.996581403147333
589	1768	0.8893294069433849
589	1769	0.7391271394270912
589	1770	0.3325042559288639
590	1771	0.0384911006298424
590	1772	0.07207142095311458
590	1773	0.015256462464466214
591	1774	0.17789536802858463
591	1775	0.7181201559233401
591	1776	0.8091810913734184
592	1777	0.6364419589806851
592	1778	0.1378258824924914
592	1779	0.6617055094988529
593	1780	0.0885382502591433
593	1781	0.1827349696365811
593	1782	0.1286963959138625
594	1783	0.35818262000983636
594	1784	0.8423450241925564
594	1785	0.13108274013935728
595	1786	0.7685909219464852
595	1787	0.45048644558184836
595	1788	0.6909930681085196
596	1789	0.11571859731525702
596	1790	0.41060230865605396
596	1791	0.6746426765995097
597	1792	0.3951155333761547
597	1793	0.09855111222339163
597	1794	0.11859557206621263
598	1795	0.3983966553296334
598	1796	0.5876561352121765
598	1797	0.007207908012443198
599	1798	0.06252023124316775
599	1799	0.4884282464504204
599	1800	0.9619705815058033
600	1801	0.7982511608432035
600	1802	0.23226386873424754
600	1803	0.30446121212231936
601	1804	0.1658783512950064
601	1805	0.8116605446409062
601	1806	0.4896802666795588
602	1807	0.8318089922745966
602	1808	0.066595761873398
602	1809	0.20816272735175279
603	1810	0.5104873401652618
603	1811	0.7613863065856962
603	1812	0.15662904123269283
604	1813	0.5096296891849608
604	1814	0.17036627677227612
604	1815	0.5995115428757104
605	1816	0.8595167636237266
605	1817	0.31408892593365745
605	1818	0.4724305784623065
606	1819	0.56014435436959
606	1820	0.4955436073406926
606	1821	0.44181844417779415
607	1822	0.12430867420121072
607	1823	0.045807125875911514
607	1824	0.41798135785883084
608	1825	0.09535270433291387
608	1826	0.16821675105237788
608	1827	0.1244374285433647
609	1828	0.04993436913634919
609	1829	0.5698252778916658
609	1830	0.27128935104074225
610	1831	0.28158274611930634
610	1832	0.5197805533621038
610	1833	0.766189845140601
611	1834	0.16082483340775144
611	1835	0.6675629580578027
611	1836	0.18271095799603687
612	1837	0.3844084822190804
612	1838	0.4975164912457304
612	1839	0.3547864554054597
613	1840	0.93675551346833
613	1841	0.8346439946545304
613	1842	0.9384586362662035
614	1843	0.5577668802336507
614	1844	0.7412984005892405
614	1845	0.09576859686202999
615	1846	0.48153281240555645
615	1847	0.16107955191474332
615	1848	0.08336338680489996
616	1849	0.04206346673341255
616	1850	0.16534564038272637
616	1851	0.01134987947441679
617	1852	0.05213598300527622
617	1853	0.7234586372334346
617	1854	0.4619228350912181
618	1855	0.34935341316735113
618	1856	0.6716535242095832
618	1857	0.3440237774397715
619	1858	0.17211596435510657
619	1859	0.5261655522371272
619	1860	0.49665644480117643
620	1861	0.6453607659133993
620	1862	0.02604126592033562
620	1863	0.06406259070865106
621	1864	0.5315886170317847
621	1865	0.8608218504693723
621	1866	0.6172306625519106
622	1867	0.1417648025650161
622	1868	0.5848545111348886
622	1869	0.44080985455924315
623	1870	0.6696767693524112
623	1871	0.551305163961359
623	1872	0.6785119216658168
624	1873	0.1206543668194957
624	1874	0.784022494799824
624	1875	0.6963009138439635
625	1876	0.0076231944760376535
625	1877	0.002457550791728935
625	1878	0.6825308895155396
626	1879	0.07376935740565882
626	1880	0.41858795951880234
626	1881	0.09869289738564835
627	1882	0.19595465788686273
627	1883	0.5668404621395289
627	1884	0.5921231654995034
628	1885	0.5108332820421454
628	1886	0.677591987979641
628	1887	0.42686572508188225
629	1888	0.7765248759298059
629	1889	0.14590875673665415
629	1890	0.26029018248500646
630	1891	0.2621670561625
630	1892	0.49819830906866835
630	1893	0.21822011913219208
631	1894	0.7053866034589356
631	1895	0.8340062331247674
631	1896	0.9812319296770871
632	1897	0.44084647022872736
632	1898	0.6495611848494166
632	1899	0.5857049853625589
633	1900	0.5813772292038395
633	1901	0.18100399035566705
633	1902	0.9344004366148416
634	1903	0.4924151662036559
634	1904	0.32703087429082855
634	1905	0.5716864802938194
635	1906	0.5670119338943211
635	1907	0.8410888357276434
635	1908	0.7282329055911294
636	1909	0.7586380214243432
636	1910	0.5892850157376291
636	1911	0.19504125344797552
637	1912	0.5037627766635843
637	1913	0.6075427525456306
637	1914	0.9589968272125836
638	1915	0.6932892377336699
638	1916	0.2411281009539965
638	1917	0.6972862888643456
639	1918	0.12530547394323932
639	1919	0.7054801294956844
639	1920	0.22708199681603303
640	1921	0.5109803321444017
640	1922	0.9058304728367841
640	1923	0.40283194472692685
641	1924	0.3643759048581636
641	1925	0.13872942789352694
641	1926	0.5013561818892959
642	1927	0.13825922343452857
642	1928	0.5256867828513447
642	1929	0.5629663024136269
643	1930	0.10169648343038795
643	1931	0.47069401273573985
643	1932	0.27290549407087383
644	1933	0.24080251012301057
644	1934	0.9340472800172235
644	1935	0.6672953005084782
645	1936	0.017880107294342196
645	1937	0.5958986669938584
645	1938	0.1341585347620765
646	1939	0.09553975175830276
646	1940	0.6984066873472562
646	1941	0.35830990486407577
647	1942	0.46995177956358847
647	1943	0.9617914653943208
647	1944	0.25951862132733083
648	1945	0.6602899681514225
648	1946	0.2706809828642771
648	1947	0.058858936263043726
649	1948	0.9447970825923756
649	1949	0.15453492632291344
649	1950	0.8293170648554071
650	1951	0.9004745910660548
650	1952	0.7512626801441795
650	1953	0.28741429704943877
651	1954	0.5058977583318764
651	1955	0.6616271255122187
651	1956	0.3000284591663691
652	1957	0.6951510633197118
652	1958	0.6227832459650362
652	1959	0.7441913241781813
653	1960	0.9976999865037285
653	1961	0.529484631444899
653	1962	0.27752005984320705
654	1963	0.8300000293585645
654	1964	0.9244923680255669
654	1965	0.9469559834682115
655	1966	0.5021863199777168
655	1967	0.20101145111225516
655	1968	0.8235508177118115
656	1969	0.8810108583570416
656	1970	0.5783522731232147
656	1971	0.22157224497515104
657	1972	0.5644893027326746
657	1973	0.14964339736348742
657	1974	0.3139152990832166
658	1975	0.7410927173001166
658	1976	0.7304054507363488
658	1977	0.924691471722765
659	1978	0.34303794347341676
659	1979	0.5809350838987809
659	1980	0.13835770267995418
660	1981	0.9788959144687198
660	1982	0.6026260963850233
660	1983	0.23553077982606163
661	1984	0.4869868220832728
661	1985	0.7427706543018185
661	1986	0.9091877243209312
662	1987	0.7472456848063702
662	1988	0.6893806560498913
662	1989	0.018439765137774677
663	1990	0.23348904500322776
663	1991	0.023829056994013054
663	1992	0.6550517847373403
664	1993	0.09056284476138887
664	1994	0.8932442524715679
664	1995	0.33846326807089033
665	1996	0.8550666210642203
665	1997	0.7495415788844253
665	1998	0.4829088886190006
666	1999	0.2440542006310058
666	2000	0.2949543780775836
666	2001	0.06934380664372852
667	2002	0.3278819942312279
667	2003	0.6038645019026266
667	2004	0.5899188309903435
668	2005	0.03636800817870467
668	2006	0.7693889837452017
668	2007	0.7737350226460432
669	2008	0.9537527558903289
669	2009	0.657269361544435
669	2010	0.789232042341441
670	2011	0.5875464389552038
670	2012	0.7819193834500859
670	2013	0.6983508673720633
671	2014	0.4152221637235878
671	2015	0.05096654767468023
671	2016	0.6372525955774714
672	2017	0.22503374117762553
672	2018	0.4502759848676371
672	2019	0.9835805040384128
673	2020	0.1508768922167938
673	2021	0.405634060804547
673	2022	0.034119783082749766
674	2023	0.9513851856796482
674	2024	0.5075942451667942
674	2025	0.7761861609792096
675	2026	0.13059765114268074
675	2027	0.5855562222976113
675	2028	0.5639778233505324
676	2029	0.438925685665597
676	2030	0.6247267898544903
676	2031	0.8430646376987802
677	2032	0.38728050072150866
677	2033	0.7350811204622355
677	2034	0.3211423069451482
678	2035	0.2710334963424863
678	2036	0.0309179224279027
678	2037	0.7323758951580625
679	2038	0.4680801953984234
679	2039	0.31930751920109557
679	2040	0.9878489987470495
680	2041	0.33525442163887254
680	2042	0.4790217311558902
680	2043	0.2826820927553443
681	2044	0.9316042025275831
681	2045	0.3405772879701743
681	2046	0.9596950853896387
682	2047	0.3920454934858809
682	2048	0.23471638758674385
682	2049	0.11618338606168843
683	2050	0.6872719275335764
683	2051	0.5301110706213038
683	2052	0.9787239020743613
684	2053	0.4538426987619002
684	2054	0.005723062101905763
684	2055	0.058115681543940534
685	2056	0.01577685181895938
685	2057	0.9784795859557037
685	2058	0.7392847520686298
686	2059	0.8322364892478785
686	2060	0.2366816433534673
686	2061	0.6327828869343007
687	2062	0.34305065162334347
687	2063	0.7986278661200158
687	2064	0.27924117688305694
688	2065	0.29127248710349796
688	2066	0.5693283557351495
688	2067	0.9875262397322082
689	2068	0.6983900927159278
689	2069	0.956249762352579
689	2070	0.12956481425922983
690	2071	0.8628522273291502
690	2072	0.32989291899505
690	2073	0.6494821990506848
691	2074	0.26460105717325355
691	2075	0.3337255592241596
691	2076	0.3148885812690272
692	2077	0.34775746957774356
692	2078	0.34295227707271614
692	2079	0.5888682039524636
693	2080	0.11126449620848455
693	2081	0.13865326351784746
693	2082	0.0367392315653452
694	2083	0.5875523906642205
694	2084	0.06442661604477262
694	2085	0.24614184679839846
695	2086	0.7592732642255896
695	2087	0.7454881155802197
695	2088	0.8610834978620251
696	2089	0.6356580552860287
696	2090	0.6198046235716992
696	2091	0.6151232131871183
697	2092	0.3001297967860699
697	2093	0.4648898583112918
697	2094	0.6190366951860281
698	2095	0.9299969808510218
698	2096	0.6696488110447157
698	2097	0.7982883413782241
699	2098	0.4282620827997671
699	2099	0.8338251154040733
699	2100	0.6513853831374541
700	2101	0.08014581325887393
700	2102	0.9022029536439764
700	2103	0.353935009628947
701	2104	0.34003412630914953
701	2105	0.3116045066743047
701	2106	0.18270072238088741
702	2107	0.22983146976591595
702	2108	0.29398430716226454
702	2109	0.6526881039819153
703	2110	0.40807225101472977
703	2111	0.9764720748856467
703	2112	0.20062627145817147
704	2113	0.3087197202330212
704	2114	0.6082068901777388
704	2115	0.9477709318020269
705	2116	0.16663305124995587
705	2117	0.49907309622947493
705	2118	0.784271032553739
706	2119	0.27814575254024
706	2120	0.08124793531719265
706	2121	0.36523855140231465
707	2122	0.154753453248762
707	2123	0.7189815313002899
707	2124	0.13404748251711907
708	2125	0.16867610421106827
708	2126	0.966087227524437
708	2127	0.47013157382082926
709	2128	0.010375646882549883
709	2129	0.9609917478141952
709	2130	0.35747472572376093
710	2131	0.8145262315733739
710	2132	0.9330908611251728
710	2133	0.37375320237043996
711	2134	0.586825868322237
711	2135	0.0991818030110001
711	2136	0.5283623893796252
712	2137	0.19506712620767208
712	2138	0.9173946502935877
712	2139	0.7105555889936754
713	2140	0.5840010739018126
713	2141	0.00953870067597773
713	2142	0.30222431067121036
714	2143	0.7901047076847453
714	2144	0.008710104663700369
714	2145	0.6431012691316506
715	2146	0.37926399887662454
715	2147	0.07539403581866089
715	2148	0.6454389582446364
716	2149	0.7000021202058643
716	2150	0.04395782305091034
716	2151	0.583518425722168
717	2152	0.1389376929540901
717	2153	0.5954540353518837
717	2154	0.0074691624297200665
718	2155	0.18177768617035306
718	2156	0.67990281130437
718	2157	0.83457382699368
719	2158	0.5697419477466353
719	2159	0.41819232056094346
719	2160	0.21715267505668023
720	2161	0.4488474589012301
720	2162	0.16666885536817133
720	2163	0.4952856688615721
721	2164	0.44716416393070035
721	2165	0.8513660172156919
721	2166	0.17251599230042491
722	2167	0.5690066925432679
722	2168	0.5605384493125105
722	2169	0.47036360426338164
723	2170	0.8940265305180817
723	2171	0.5299266881577365
723	2172	0.01864715418720586
724	2173	0.8384889086265179
724	2174	0.27746547670933974
724	2175	0.6006708260933519
725	2176	0.9093369527461107
725	2177	0.42875097621075287
725	2178	0.8610573203035135
726	2179	0.3462937786583179
726	2180	0.9243581484415443
726	2181	0.8113570010639296
727	2182	0.6232284046683194
727	2183	0.2319646285646294
727	2184	0.6559072840435847
728	2185	0.6684079756354104
728	2186	0.38980064191377084
728	2187	0.3051840390580447
729	2188	0.8646817341579638
729	2189	0.22906212262578396
729	2190	0.8607067752733246
730	2191	0.03436351823384376
730	2192	0.3038097424726045
730	2193	0.3053351443229929
731	2194	0.580127663284868
731	2195	0.11567791988256959
731	2196	0.9856345891557776
732	2197	0.642310785958689
732	2198	0.28224457075442433
732	2199	0.9829920909392486
733	2200	0.4621655711969005
733	2201	0.214707319672794
733	2202	0.9399647633042135
734	2203	0.6920758201615579
734	2204	0.1293581073167105
734	2205	0.5051768727936841
735	2206	0.6296906132458672
735	2207	0.8673849270075167
735	2208	0.6168604093378574
736	2209	0.9307190372783809
736	2210	0.8792890906494113
736	2211	0.7758693285237752
737	2212	0.838420065749298
737	2213	0.5283549189452209
737	2214	0.6211572032100047
738	2215	0.6445673427264504
738	2216	0.9920170469037219
738	2217	0.14885907884548666
739	2218	0.39040069368427854
739	2219	0.6896777135975957
739	2220	0.3978740182233904
740	2221	0.8251675483669688
740	2222	0.1132500950400579
740	2223	0.04914703896815997
741	2224	0.9040597360313358
741	2225	0.5039232957675363
741	2226	0.14939753192224237
742	2227	0.6687011388529234
742	2228	0.26603535707461023
742	2229	0.5301988374473054
743	2230	0.4811067204566253
743	2231	0.3501196145098844
743	2232	0.3932603887692705
744	2233	0.3208829255051916
744	2234	0.5673443480173005
744	2235	0.3806121771734674
745	2236	0.7963510421802451
745	2237	0.6646821813320353
745	2238	0.877184265989189
746	2239	0.8840785769967057
746	2240	0.8720592924038892
746	2241	0.05409621976513157
747	2242	0.19076527554370315
747	2243	0.8761907742734361
747	2244	0.5599781639095597
748	2245	0.19069945462233862
748	2246	0.830221433354044
748	2247	0.09414860913529688
749	2248	0.29980028711661544
749	2249	0.46788257331061545
749	2250	0.7986164979822433
750	2251	0.5438469002329389
750	2252	0.5562607284361052
750	2253	0.20520645216158617
751	2254	0.4835761020856102
751	2255	0.12189312075701164
751	2256	0.8655643883583146
752	2257	0.18599565254468242
752	2258	0.39811468385188786
752	2259	0.6819649239122928
753	2260	0.6543681191301653
753	2261	0.9226707461417333
753	2262	0.67016267644067
754	2263	0.15705688049703326
754	2264	0.6139360119606235
754	2265	0.45656033708150323
755	2266	0.15910008469663672
755	2267	0.07047356050765141
755	2268	0.14254904946870217
756	2269	0.845513123530448
756	2270	0.7615391870255477
756	2271	0.47946526211611074
757	2272	0.29294672397158683
757	2273	0.4587913373082346
757	2274	0.2238457109375771
758	2275	0.3226938338287175
758	2276	0.8917562002300637
758	2277	0.21739984029328474
759	2278	0.7055898681289414
759	2279	0.1419805939444182
759	2280	0.7433199037865534
760	2281	0.6255569407512832
760	2282	0.5962848806112093
760	2283	0.7204554869965759
761	2284	0.31611342150541777
761	2285	0.5462243982447573
761	2286	0.33239428954035266
762	2287	0.9357602483498615
762	2288	0.8497317885493815
762	2289	0.3420131724821174
763	2290	0.040405922853747556
763	2291	0.30403787992675857
763	2292	0.7140000435086772
764	2293	0.21738068096176066
764	2294	0.8263466372455358
764	2295	0.2034453382536464
765	2296	0.5798043579103414
765	2297	0.019083163316601648
765	2298	0.09794085282464293
766	2299	0.5693490434751602
766	2300	0.7295033004271053
766	2301	0.025475891995713207
767	2302	0.20861967393842173
767	2303	0.9469741915010244
767	2304	0.9100950284550796
768	2305	0.41265549991029615
768	2306	0.15970469622671524
768	2307	0.03262467247023848
769	2308	0.8829582433923362
769	2309	0.05538844828362577
769	2310	0.8968041765802167
770	2311	0.17187179314001788
770	2312	0.4259631491653303
770	2313	0.1533745896469022
771	2314	0.5659562039139913
771	2315	0.43982678558789545
771	2316	0.10874702817798176
772	2317	0.3184252815192301
772	2318	0.9442956936067262
772	2319	0.5832584090488893
773	2320	0.3325902351656749
773	2321	0.6767089155720315
773	2322	0.5768149596316089
774	2323	0.669919182791572
774	2324	0.7477377260516539
774	2325	0.5028156621681592
775	2326	0.7907775212191636
775	2327	0.5452170114154237
775	2328	0.02796288443948436
776	2329	0.7944846790256835
776	2330	0.9472233901067766
776	2331	0.08278755589391795
777	2332	0.4351922278925692
777	2333	0.6040764638863453
777	2334	0.9007354061696865
778	2335	0.18506207468407398
778	2336	0.10204168609376152
778	2337	0.09619321005258386
779	2338	0.28457292257048683
779	2339	0.21432968313704304
779	2340	0.3536225555882535
780	2341	0.8157394312948235
780	2342	0.2889889347074588
780	2343	0.5974031588806803
781	2344	0.7046711188980811
781	2345	0.5869030712607375
781	2346	0.43893657696656907
782	2347	0.7583453703568034
782	2348	0.5865504801180699
782	2349	0.785875590077933
783	2350	0.4287168357172747
783	2351	0.34147011164184593
783	2352	0.695758480362964
784	2353	0.483461427299823
784	2354	0.7495812493041102
784	2355	0.18825303724070108
785	2356	0.09417803472986996
785	2357	0.8803847476612161
785	2358	0.9608987733407462
786	2359	0.24149260508275938
786	2360	0.732230204817357
786	2361	0.9645382031624151
787	2362	0.8922049352718505
787	2363	0.42438431961305845
787	2364	0.10954841623633382
788	2365	0.15317835137172242
788	2366	0.7322306238622808
788	2367	0.2901278328018423
789	2368	0.29978954084856335
789	2369	0.13042972511669626
789	2370	0.035350708882099124
790	2371	0.903813968977063
790	2372	0.313010536388338
790	2373	0.6215973258122299
791	2374	0.7392093192147485
791	2375	0.7548264451289938
791	2376	0.8549099911299384
792	2377	0.2621024863323014
792	2378	0.05343653510288937
792	2379	0.283969306323838
793	2380	0.5652384656980681
793	2381	0.4478214669080973
793	2382	0.38613234695130205
794	2383	0.6163145477862239
794	2384	0.5696810297643105
794	2385	0.5565922423841425
795	2386	0.785698891782001
795	2387	0.1606097342830688
795	2388	0.06636170118833085
796	2389	0.43785090086560974
796	2390	0.24644766411033858
796	2391	0.5797638383445257
797	2392	0.26120359391179615
797	2393	0.9008417637848072
797	2394	0.13009995610983605
798	2395	0.7958588394704244
798	2396	0.6887533122120212
798	2397	0.6876729765550041
799	2398	0.8352268726843676
799	2399	0.21355120538406136
799	2400	0.8816462834340698
800	2401	0.4230388433516862
800	2402	0.04663634874435085
800	2403	0.7906616684391292
801	2404	0.6755994723879208
801	2405	0.644157776006479
801	2406	0.16566990741772913
802	2407	0.9923949739139438
802	2408	0.5725356215618442
802	2409	0.9777145206903265
803	2410	0.37302203191576955
803	2411	0.6453846824610996
803	2412	0.4877781557416757
804	2413	0.22479933845342048
804	2414	0.3801096968062678
804	2415	0.6537254993054512
805	2416	0.016096264629703594
805	2417	0.06836916375943425
805	2418	0.550631148878799
806	2419	0.4467215223572799
806	2420	0.013998849463217722
806	2421	0.8966248401330807
807	2422	0.3899595460384402
807	2423	0.10218579367347158
807	2424	0.28689722569195486
808	2425	0.23169037054860508
808	2426	0.5202803783127697
808	2427	0.7816368349287721
809	2428	0.42043678774054905
809	2429	0.7781817088737234
809	2430	0.6179960249874298
810	2431	0.20971699050855086
810	2432	0.856877319311815
810	2433	0.47465632767752197
811	2434	0.798987913876702
811	2435	0.5689581600059634
811	2436	0.03116430992175412
812	2437	0.6978502832753941
812	2438	0.3435529009010554
812	2439	0.6939995385728857
813	2440	0.8495565762156101
813	2441	0.22407950649356234
813	2442	0.7894578012177538
814	2443	0.19083961072633837
814	2444	0.5713824225609797
814	2445	0.7218057503491284
815	2446	0.21298000204908207
815	2447	0.24409418116134696
815	2448	0.04493419924089448
816	2449	0.31281930398184365
816	2450	0.06242582753726833
816	2451	0.9215836405944794
817	2452	0.39801701253463007
817	2453	0.9661460636034476
817	2454	0.26508256623584814
818	2455	0.10608569608267981
818	2456	0.957363308676819
818	2457	0.7120111535010587
819	2458	0.7712293576963886
819	2459	0.37973315064983026
819	2460	0.47871505859773056
820	2461	0.48073385685472425
820	2462	0.04728857801740971
820	2463	0.546966261712706
821	2464	0.3406597345564787
821	2465	0.1283170949414124
821	2466	0.0014453937098252156
822	2467	0.4027139943300392
822	2468	0.2711627307510076
822	2469	0.7550147469808326
823	2470	0.09870669328138959
823	2471	0.32775169554519723
823	2472	0.9451023035748364
824	2473	0.7661017721605361
824	2474	0.8253798036124731
824	2475	0.5496892430115315
825	2476	0.9509987969715216
825	2477	0.5233965268348677
825	2478	0.8388728353791459
826	2479	0.4066273490841763
826	2480	0.8743055866488649
826	2481	0.24195662962939868
827	2482	0.2061741291078999
827	2483	0.5548297433379629
827	2484	0.38571473927563027
828	2485	0.3912416199206047
828	2486	0.37908776685696577
828	2487	0.30219803406564916
829	2488	0.9445587097444806
829	2489	0.6317898467619006
829	2490	0.25045537449605415
830	2491	0.3930632467255263
830	2492	0.7384107100351002
830	2493	0.7954408433002367
831	2494	0.14960151192084659
831	2495	0.923124290332896
831	2496	0.6417546837239673
832	2497	0.002306368409231818
832	2498	0.5656767361532254
832	2499	0.2749579081135899
833	2500	0.9627178004782615
833	2501	0.14963135479405987
833	2502	0.7994766786350705
834	2503	0.45992912192902624
834	2504	0.45072007802590885
834	2505	0.4490920811151392
835	2506	0.9152403224745783
835	2507	0.2939504724947435
835	2508	0.373302077070905
836	2509	0.4685010645173927
836	2510	0.10592210384559719
836	2511	0.9695153227291331
837	2512	0.8138085218642096
837	2513	0.8101905038262353
837	2514	0.6075391668368971
838	2515	0.286385697944326
838	2516	0.11038906327835896
838	2517	0.4177171702885758
839	2518	0.29194154132579864
839	2519	0.6114562463379333
839	2520	0.8157341319077629
840	2521	0.8517468701325782
840	2522	0.4819729393690326
840	2523	0.5574156617523852
841	2524	0.46189854473237746
841	2525	0.4190686074734312
841	2526	0.8520687694389946
842	2527	0.07216704978860677
842	2528	0.026081564505615273
842	2529	0.5284326713919788
843	2530	0.582531727394511
843	2531	0.29358448124796155
843	2532	0.6704850419476645
844	2533	0.4264905548343141
844	2534	0.1981330173000232
844	2535	0.8805104474265069
845	2536	0.4042401527218449
845	2537	0.23027732134779133
845	2538	0.7403090375685955
846	2539	0.9538299557653059
846	2540	0.12918900555056678
846	2541	0.2092702989447156
847	2542	0.8209431094573267
847	2543	0.6022443190620401
847	2544	0.766145231685489
848	2545	0.24460341132749908
848	2546	0.6921168591275989
848	2547	0.7488923522585953
849	2548	0.9190709632784316
849	2549	0.22735453996741473
849	2550	0.47727743390052135
850	2551	0.22515996168939434
850	2552	0.3886269424962906
850	2553	0.30008630410710313
851	2554	0.1666447115786679
851	2555	0.9015266035012077
851	2556	0.7260676879128138
852	2557	0.8079003859638614
852	2558	0.45087768681524465
852	2559	0.025737751448737356
853	2560	0.21086196798111967
853	2561	0.35253079579398416
853	2562	0.9230474503418852
854	2563	0.31061236612368526
854	2564	0.15525949428611097
854	2565	0.1532318167414488
855	2566	0.4567746109371832
855	2567	0.22026270764365652
855	2568	0.50643472895491
856	2569	0.19062623879310692
856	2570	0.18029519853069642
856	2571	0.996770601578175
857	2572	0.8676135149344882
857	2573	0.7309923185511482
857	2574	0.44517344369929246
858	2575	0.38828249007605975
858	2576	0.3745989679736459
858	2577	0.061140012827334944
859	2578	0.8526298424622936
859	2579	0.1140006844424426
859	2580	0.17086705470952013
860	2581	0.3279651027028655
860	2582	0.020620265298770146
860	2583	0.19899383340731613
861	2584	0.7885465069950677
861	2585	0.08203041050031412
861	2586	0.5073642862248335
862	2587	0.2941278674679163
862	2588	0.04306788437669762
862	2589	0.5688523496916651
863	2590	0.546204896103277
863	2591	0.8862248418920314
863	2592	0.8113311516420821
864	2593	0.9557343678541946
864	2594	0.34042663863462475
864	2595	0.9557557441953747
865	2596	0.48115230513191687
865	2597	0.44382096140740623
865	2598	0.4883676039495871
866	2599	0.4689041688952358
866	2600	0.0044037546479615
866	2601	0.6762357218149984
867	2602	0.08921394310205555
867	2603	0.6390746039574224
867	2604	0.9266154988800178
868	2605	0.8954100209433807
868	2606	0.9062338928007527
868	2607	0.2697565057201363
869	2608	0.13318925832153172
869	2609	0.23724992609749151
869	2610	0.4745889011804748
870	2611	0.947464324734191
870	2612	0.8351687277614962
870	2613	0.27795869497224657
871	2614	0.9517044212991129
871	2615	0.009859013497411917
871	2616	0.20150677913956117
872	2617	0.20340732240075166
872	2618	0.2114789709461089
872	2619	0.7688045919211721
873	2620	0.8321868900092478
873	2621	0.27433116934696855
873	2622	0.7990706840520604
874	2623	0.7912321975828078
874	2624	0.9906463356066129
874	2625	0.22364826376338798
875	2626	0.44204258758309767
875	2627	0.43138254609813176
875	2628	0.6263158083509975
876	2629	0.3330869513778273
876	2630	0.8884597382810934
876	2631	0.7223710511188619
877	2632	0.6777908090677761
877	2633	0.43554850554668667
877	2634	0.42482988743822847
878	2635	0.8076601317241459
878	2636	0.29974429011594483
878	2637	0.825951576747262
879	2638	0.7340084638664147
879	2639	0.03142447809629134
879	2640	0.6756651420508318
880	2641	0.46563732755445253
880	2642	0.8175872140010411
880	2643	0.07725593350368054
881	2644	0.3527299062590953
881	2645	0.06499597379069999
881	2646	0.16431343056717984
882	2647	0.8378440692479009
882	2648	0.9094451824837649
882	2649	0.22445798172557063
883	2650	0.27919815669731163
883	2651	0.926114020790263
883	2652	0.4913332014385756
884	2653	0.3508252619215606
884	2654	0.3879162055193862
884	2655	0.7628478432127164
885	2656	0.7086214828419561
885	2657	0.5974613419494583
885	2658	0.7295945781092752
886	2659	0.9609991819095198
886	2660	0.5368959252307136
886	2661	0.7682565291284761
887	2662	0.38538831087457837
887	2663	0.3961375280356828
887	2664	0.30597941867777967
888	2665	0.351979097604616
888	2666	0.04322039335905126
888	2667	0.08689148896515231
889	2668	0.1427238843544293
889	2669	0.7678612832589341
889	2670	0.08417666689710157
890	2671	0.9525196070000979
890	2672	0.8526931556926446
890	2673	0.4001711150215673
891	2674	0.592781875177874
891	2675	0.46918809985080756
891	2676	0.18290523707532091
892	2677	0.5443006937332603
892	2678	0.922970542766426
892	2679	0.6374389402660352
893	2680	0.915500293173018
893	2681	0.11604487553549425
893	2682	0.4448043606854012
894	2683	0.32524047935103617
894	2684	0.8049258762318569
894	2685	0.5060554127756964
895	2686	0.4023022968524923
895	2687	0.7556679696591346
895	2688	0.19836416521909583
896	2689	0.11712224961080364
896	2690	0.8583794472647036
896	2691	0.20908846140540016
897	2692	0.33758245765132544
897	2693	0.39363385999428147
897	2694	0.7136473585099278
898	2695	0.6611321388527935
898	2696	0.32545478090597946
898	2697	0.21770815484147799
899	2698	0.11706280136738711
899	2699	0.23410299649335653
899	2700	0.13455508121726223
900	2701	0.6984823818232586
900	2702	0.27890190411178184
900	2703	0.3536290192592222
901	2704	0.9901915120837859
901	2705	0.8429907604086021
901	2706	0.3608294246854582
902	2707	0.9842482263489168
902	2708	0.13808111325228867
902	2709	0.05993257674554908
903	2710	0.17603958291505828
903	2711	0.4820295382794194
903	2712	0.9078266440684196
904	2713	0.48120927915901224
904	2714	0.6885377679092363
904	2715	0.21838629024328193
905	2716	0.8985286470647191
905	2717	0.683252706565626
905	2718	0.9788703433039474
906	2719	0.35624066015217903
906	2720	0.9412262021339715
906	2721	0.09684742736480678
907	2722	0.46694284809440756
907	2723	0.844792540150847
907	2724	0.9050837336853393
908	2725	0.8986021083557063
908	2726	0.6698879510064537
908	2727	0.5107217124016358
909	2728	0.05494177200028205
909	2729	0.6594359748927577
909	2730	0.1569925691595453
910	2731	0.4334575033176008
910	2732	0.6295456900816523
910	2733	0.35400162831484383
911	2734	0.4013755426609139
911	2735	0.3318889838440279
911	2736	0.9286936859891439
912	2737	0.7357843867456367
912	2738	0.1307641958782748
912	2739	0.0825495966375227
913	2740	0.5215108360227734
913	2741	0.7990653222784708
913	2742	0.6156324373016602
914	2743	0.27230169535452886
914	2744	0.6352412031653105
914	2745	0.46879731026023996
915	2746	0.8259118725737736
915	2747	0.4678493295960937
915	2748	0.3403695484695405
916	2749	0.7061490273476178
916	2750	0.11240808716712258
916	2751	0.01834570796034174
917	2752	0.8593454162168935
917	2753	0.514120827908804
917	2754	0.16712920000204423
918	2755	0.08725752203523551
918	2756	0.8857578848502632
918	2757	0.2101090920584312
919	2758	0.7232017560210603
919	2759	0.8261192050847445
919	2760	0.8446304387424799
920	2761	0.7573354674812217
920	2762	0.4051763110900324
920	2763	0.7412437721159917
921	2764	0.16838349944301256
921	2765	0.4637700496317976
921	2766	0.8263306039114363
922	2767	0.8177149019006406
922	2768	0.796185290451866
922	2769	0.5489635357044532
923	2770	0.7538025735906654
923	2771	0.6594176819587138
923	2772	0.31121837724129
924	2773	0.8747961839343525
924	2774	0.5674892079850282
924	2775	0.9983928451311342
925	2776	0.07337318522983771
925	2777	0.3816002132645647
925	2778	0.42721809290646307
926	2779	0.9414656404185372
926	2780	0.7386239209425326
926	2781	0.864794456055235
927	2782	0.8018620816956958
927	2783	0.44382286350104694
927	2784	0.37587766968310166
928	2785	0.5027499136657223
928	2786	0.19002843800655456
928	2787	0.9066947262372013
929	2788	0.193987572252875
929	2789	0.21732163355417766
929	2790	0.251260135805067
930	2791	0.36922484047627535
930	2792	0.4711774607383261
930	2793	0.1782279696975524
931	2794	0.8895493542370448
931	2795	0.09993858667271793
931	2796	0.31147306392857843
932	2797	0.8230488692180571
932	2798	0.6802284756256896
932	2799	0.5954499197956127
933	2800	0.6466363378845279
933	2801	0.6583231090514173
933	2802	0.4120074156066936
934	2803	0.046311171536693396
934	2804	0.6855490775159195
934	2805	0.7397462477681152
935	2806	0.23175757976898692
935	2807	0.3261354231842629
935	2808	0.7948014705755835
936	2809	0.35515066484506586
936	2810	0.23145597066796053
936	2811	0.9335186831621307
937	2812	0.6412161716176787
937	2813	0.36081757984833907
937	2814	0.5653419921909609
938	2815	0.6980799758148086
938	2816	0.7220926847904111
938	2817	0.9964378521354634
939	2818	0.6787817237169348
939	2819	0.7557070400689627
939	2820	0.19949255574423563
940	2821	0.3249197397270249
940	2822	0.7340412312184803
940	2823	0.21553527096984182
941	2824	0.9576672452025257
941	2825	0.00848863848238346
941	2826	0.9901020167465145
942	2827	0.3417923390712987
942	2828	0.10544816324006412
942	2829	0.1575339330026425
943	2830	0.09918176123318712
943	2831	0.40862919467934466
943	2832	0.49937453094367823
944	2833	0.9270687306131455
944	2834	0.20575007484037255
944	2835	0.6347224707037908
945	2836	0.6412132852175966
945	2837	0.04130503817410769
945	2838	0.9127972082188908
946	2839	0.5390647802866116
946	2840	0.9481142976193169
946	2841	0.16613455401269583
947	2842	0.9249281811111003
947	2843	0.9833462425222135
947	2844	0.5642568872704585
948	2845	0.9773932569049002
948	2846	0.9176920629337061
948	2847	0.2896823425712801
949	2848	0.020923703115708125
949	2849	0.2371095967027831
949	2850	0.590908350375075
950	2851	0.365199904958875
950	2852	0.9084275797154692
950	2853	0.38911979356741466
951	2854	0.589723874210939
951	2855	0.7850199055564796
951	2856	0.3026917665944052
952	2857	0.4283669089624639
952	2858	0.4385305135164199
952	2859	0.8278865136875065
953	2860	0.5801894135730814
953	2861	0.5113419571868206
953	2862	0.7051567029055004
954	2863	0.8146201774075547
954	2864	0.35959537434858735
954	2865	0.09502721490724253
955	2866	0.5029541166852686
955	2867	0.019732006513080935
955	2868	0.19587640245912585
956	2869	0.022167632892246658
956	2870	0.5793439432366214
956	2871	0.7670135833726749
957	2872	0.022403730978046044
957	2873	0.3380037176286439
957	2874	0.639999757205811
958	2875	0.9812310426818509
958	2876	0.25875901100333787
958	2877	0.29685963031024754
959	2878	0.48289323292684716
959	2879	0.6670741215949157
959	2880	0.15902633627207674
960	2881	0.6488376123248638
960	2882	0.4161275839301273
960	2883	0.420653288462739
961	2884	0.32990022910834005
961	2885	0.35768463901741443
961	2886	0.24418799880165942
962	2887	0.12350929607087469
962	2888	0.2702996286399446
962	2889	0.16508753826678935
963	2890	0.48661779572758135
963	2891	0.5237361869021332
963	2892	0.5369873865829817
964	2893	0.5102626641901539
964	2894	0.21097593375615709
964	2895	0.5787013922934752
965	2896	0.17520393190768513
965	2897	0.37636085783627793
965	2898	0.9894871904241521
966	2899	0.12744465404173333
966	2900	0.8007179749657747
966	2901	0.197571626139329
967	2902	0.5552925975034865
967	2903	0.47070561022223656
967	2904	0.005690172777211955
968	2905	0.02091171597351249
968	2906	0.6420260701724115
968	2907	0.34842203232971414
969	2908	0.2424815298612064
969	2909	0.5857651081733991
969	2910	0.03477542866603334
970	2911	0.8314945794744288
970	2912	0.5428023792403599
970	2913	0.5425024346623706
971	2914	0.45045521036102465
971	2915	0.22124601705620883
971	2916	0.29412749450353426
972	2917	0.5861259595773466
972	2918	0.10521538576305711
972	2919	0.09501664463267334
973	2920	0.6539404883655515
973	2921	0.16418838540456648
973	2922	0.2346528754278543
974	2923	0.7642376675371599
974	2924	0.6547504960772124
974	2925	0.11038675721215374
975	2926	0.5039706961415069
975	2927	0.2284281279243756
975	2928	0.07268462259987696
976	2929	0.3323784692315801
976	2930	0.636563602321971
976	2931	0.7123223490130519
977	2932	0.5001035350690488
977	2933	0.15380698600085874
977	2934	0.28771167844519485
978	2935	0.5014894285542008
978	2936	0.9331587267234327
978	2937	0.19293366346142649
979	2938	0.030819062782216133
979	2939	0.7147711556068714
979	2940	0.9000203627796461
980	2941	0.2866999510539948
980	2942	0.15717152398835743
980	2943	0.288080830104408
981	2944	0.757000472134233
981	2945	0.28608871195292807
981	2946	0.9366839918348334
982	2947	0.5685974907331177
982	2948	0.3367503345823276
982	2949	0.5354837666007648
983	2950	0.27441009859695065
983	2951	0.5037875986318521
983	2952	0.3946600392705816
984	2953	0.7433059791834755
984	2954	0.8215841988510595
984	2955	0.06720503809910472
985	2956	0.6728209675931193
985	2957	0.8062472880771218
985	2958	0.1670241373405308
986	2959	0.38575071976329867
986	2960	0.9508039239979639
986	2961	0.18194878258005165
987	2962	0.6881377204595754
987	2963	0.017768284638375986
987	2964	0.7551090306078324
988	2965	0.44039549158812963
988	2966	0.5315758379711041
988	2967	0.9068411609085861
989	2968	0.9316941076812206
989	2969	0.9455733964492807
989	2970	0.2842635459425945
990	2971	0.23016057158503977
990	2972	0.26552306262854786
990	2973	0.9651096592041593
991	2974	0.392285348670554
991	2975	0.9327283397159152
991	2976	0.21508946397476514
992	2977	0.7031413791136023
992	2978	0.07100082039026057
992	2979	0.5680820596441533
993	2980	0.07773586843106373
993	2981	0.9730456055280164
993	2982	0.9376093611559037
994	2983	0.18470719360012844
994	2984	0.9937627227033214
994	2985	0.8684840600898385
995	2986	0.13585658639771458
995	2987	0.13155121285067684
995	2988	0.11479061742087837
996	2989	0.3926388260283006
996	2990	0.6940971416183107
996	2991	0.4024732034461205
997	2992	0.7505482115204746
997	2993	0.6233873058183198
997	2994	0.5143943753447389
998	2995	0.559837632793878
998	2996	0.37115686495777067
998	2997	0.9658214599198248
999	2998	0.2561518761516943
999	2999	0.7857203609935319
