#parent	child	edge_length
0	1	0.1817169736084865
0	2	0.5187094324667973
0	3	0.460593425417527
1	4	0.526003114779622
1	5	0.4221894772161061
1	6	0.7278633857056283
2	7	0.8506322408052547
2	8	0.15256421289763722
2	9	0.9614554433284641
3	10	0.6510313946090749
3	11	0.09213546705491038
3	12	0.037286167992253594
4	13	0.1001996592121504
4	14	0.09373028028449681
4	15	0.12718306102562044
5	16	0.8135578513805313
5	17	0.7064939154349557
5	18	0.6188850373063148
6	19	0.08070350908604917
6	20	0.16850480659444178
6	21	0.0036696275226347774
7	22	0.4429339035928008
7	23	0.8936648469228103
7	24	0.6848658585216858
8	25	0.5655327694594878
8	26	0.7734377497432323
8	27	0.4561791501962056
9	28	0.7795440457940632
9	29	0.9715030106849722
9	30	0.2312552102858456
10	31	0.11750639648988837
10	32	0.5964859332911092
10	33	0.45402236044963473
11	34	0.7631279872543664
11	35	0.06696082143755078
11	36	0.9059180043640598
12	37	0.44081501941167867
12	38	0.9441901594011002
12	39	0.1566589098728144
13	40	0.9080263212211189
13	41	0.5557654614816618
13	42	0.25323751338290557
14	43	0.3455361490332658
14	44	0.33632711240475877
14	45	0.7387331080679712
15	46	0.5586591365283432
15	47	0.04704495990721791
15	48	0.21694325945025816
16	49	0.8427847900507082
16	50	0.7570729764293556
16	51	0.5437424891391562
17	52	0.49427462691373014
17	53	0.801258917082122
17	54	0.08342173506240513
18	55	0.31096415979038516
18	56	0.917620115320464
18	57	0.3221317433848747
19	58	0.2885239887655755
19	59	0.3677504312140729
19	60	0.39220623781073494
20	61	0.9332795225379316
20	62	0.8134749989823216
20	63	0.20271943808494974
21	64	0.19607000487904025
21	65	0.9090586452736542
21	66	0.7208474948442201
22	67	0.15991904029653148
22	68	0.9252878166504108
22	69	0.7860013812667028
23	70	0.9284456278595825
23	71	0.5002894596811434
23	72	0.6064286094736175
24	73	0.6677337146617628
24	74	0.9953259073946388
24	75	0.34618597395708006
25	76	0.4775656986096066
25	77	0.5539805165886345
25	78	0.15774313972259768
26	79	0.8031158469640591
26	80	0.13049188580753568
26	81	0.6591787920069243
27	82	0.8353207014160762
27	83	0.8776714150560436
27	84	0.609156761560449
28	85	0.9535736328430104
28	86	0.7766651046074253
28	87	0.8863829996596619
29	88	0.8140677921450832
29	89	0.35197352062771214
29	90	0.3642277058849057
30	91	0.2292583436505362
30	92	0.2349605757530382
30	93	0.2871924528223504
31	94	0.8169386655767146
31	95	0.29472966729502126
31	96	0.008911534093766438
32	97	0.654723361336879
32	98	0.09528829143241468
32	99	0.6408443303178077
33	100	0.7844114620962004
33	101	0.7781072639278688
33	102	0.4824055428981877
34	103	0.23536663730556873
34	104	0.18974267041988258
34	105	0.6246745140382819
35	106	0.1341157033973912
35	107	0.5461722318239086
35	108	0.1672952366550815
36	109	0.854389974827404
36	110	0.6157772874581606
36	111	0.06651013877108047
37	112	0.8834032660927109
37	113	0.07684705079580412
37	114	0.383204696787089
38	115	0.7331350450800935
38	116	0.5509257568172541
38	117	0.18974055462088701
39	118	0.07490438033098434
39	119	0.9022891502290782
39	120	0.054218645600550675
40	121	0.8101358641221308
40	122	0.8561002217526463
40	123	0.6345172906883105
41	124	0.9833722735393435
41	125	0.17642179917337186
41	126	0.12778405543384275
42	127	0.957446606848215
42	128	0.22912884611955553
42	129	0.37221711476062547
43	130	0.2967228933288951
43	131	0.37244564950519177
43	132	0.24851776077715626
44	133	0.8960415002190225
44	134	0.9793984574182035
44	135	0.6442365206731107
45	136	0.04535657923906
45	137	0.5253728273614189
45	138	0.9870195168738203
46	139	0.05984869445431573
46	140	0.6795144354279163
46	141	0.815103266330258
47	142	0.5557087508728684
47	143	0.4963913855001212
47	144	0.10952988812544606
48	145	0.21580581455208447
48	146	0.32894469981380636
48	147	0.17150053772933616
49	148	0.5457197929349704
49	149	0.5185482264744379
49	150	0.8131008889155544
50	151	0.6444458460664375
50	152	0.7003378044437722
50	153	0.29276295607714387
51	154	0.8289567041498276
51	155	0.06100751757608136
51	156	0.8077253844872763
52	157	0.39842481407291297
52	158	0.2846504328169126
52	159	0.8728205392022685
53	160	0.5975737236690795
53	161	0.4610489468986363
53	162	0.25693009416423473
54	163	0.09259792253063548
54	164	0.22056964401463564
54	165	0.043092115970550626
55	166	0.3751123396948013
55	167	0.8946335073308957
55	168	0.8129700571514626
56	169	0.6945569546174053
56	170	0.4745411068784484
56	171	0.5903862756563929
57	172	0.8989551968832261
57	173	0.2598145801984111
57	174	0.08244842274568231
58	175	0.49181942236080856
58	176	0.7119382392028246
58	177	0.40919054407519173
59	178	0.4458902572039114
59	179	0.4252081357925359
59	180	0.9286679557429967
60	181	0.3074042761202709
60	182	0.7137225620303909
60	183	0.54431139486675
61	184	0.5728825560705035
61	185	0.9139367516339414
61	186	0.5266277404743032
62	187	0.7116319210215294
62	188	0.25423688642107933
62	189	0.1262788734402971
63	190	0.5667811835942764
63	191	0.8518307795302618
63	192	0.663910655089476
64	193	0.14947205007426567
64	194	0.26335807095044195
64	195	0.32298104587565923
65	196	0.23357499758265354
65	197	0.5396007148031272
65	198	0.7119206493662236
66	199	0.004024701555458421
66	200	0.5658671330788458
66	201	0.7774312817123614
67	202	0.05837984812856989
67	203	0.34041159691552736
67	204	0.823223652518021
68	205	0.6778162732369073
68	206	0.05290599502939419
68	207	0.6282430486438226
69	208	0.39385920037944366
69	209	0.5892136008270104
69	210	0.6597579417926753
70	211	0.5097817630952913
70	212	0.30954913371540993
70	213	0.15495338658582458
71	214	0.6349566381421452
71	215	0.24318492912825462
71	216	0.9931608406639225
72	217	0.027284310069992435
72	218	0.798688065092664
72	219	0.30420758864544206
73	220	0.31018592620734875
73	221	0.11788418722800387
73	222	0.3950769111125867
74	223	0.3694610454499059
74	224	0.3298868863168587
74	225	0.987369636361012
75	226	0.8162751446766394
75	227	0.5129116129270079
75	228	0.48647754682920086
76	229	0.028518512509132732
76	230	0.5111271477739461
76	231	0.6654276967815513
77	232	0.780486156320654
77	233	0.34574241653280424
77	234	0.8196866535955403
78	235	0.16965291695977314
78	236	0.8283664631724927
78	237	0.3975804736085351
79	238	0.8118708766586813
79	239	0.9513665912033535
79	240	0.308044399182938
80	241	0.34993261538482257
80	242	0.5312457201704435
80	243	0.8047223343459073
81	244	0.20961522311777347
81	245	0.49388167377519876
81	246	0.5454521101612277
82	247	0.12444268199436048
82	248	0.12541114655157015
82	249	0.7571965614810248
83	250	0.5716499749211394
83	251	0.5032950014580799
83	252	0.027908710645804025
84	253	0.10148087361692082
84	254	0.8362408202014215
84	255	0.5256903290190977
85	256	0.051019230688438943
85	257	0.1652015562064073
85	258	0.7247158218180183
86	259	0.5185446554792252
86	260	0.4177611456155992
86	261	0.5740962166150707
87	262	0.4735863444681576
87	263	0.8407495702800978
87	264	0.3681760505517353
88	265	0.20309396193462748
88	266	0.6894730624519108
88	267	0.28776656037756787
89	268	0.7710643110577677
89	269	0.19655317954460694
89	270	0.16591952899739848
90	271	0.8316864236396118
90	272	0.33116146086218645
90	273	0.6885630112168517
91	274	0.2763665440703438
91	275	0.7610780591955311
91	276	0.3087334730299318
92	277	0.9518366017676914
92	278	0.8742978643993848
92	279	0.2010188319622226
93	280	0.8152144918695132
93	281	0.7587540587232748
93	282	0.2722303864747775
94	283	0.8356751931098647
94	284	0.16559292920381097
94	285	0.0036955072772535402
95	286	0.9243883857258952
95	287	0.34244516441753836
95	288	0.6196975101628204
96	289	0.03687185277148153
96	290	0.2314216088546086
96	291	0.8363124799960477
97	292	0.026728959840307098
97	293	0.6081389791931398
97	294	0.0056328306260291505
98	295	0.3727469332889095
98	296	0.8922897572733741
98	297	0.13996254232085592
99	298	0.8445992822475141
99	299	0.8332881394589013
99	300	0.49986486403090646
100	301	0.8668802488763938
100	302	0.3304039818209388
100	303	0.07520630192740363
101	304	0.5211564957679209
101	305	0.3725082717413626
101	306	0.43967040846980776
102	307	0.3202110402138776
102	308	0.2594631349364017
102	309	0.23940876988788995
103	310	0.1915503261958338
103	311	0.20231959607381267
103	312	0.8124086614936852
104	313	0.4974516395490316
104	314	0.37497074860289326
104	315	0.6343502868445436
105	316	0.12578887864319643
105	317	0.26904605287362005
105	318	0.288707839697957
106	319	0.5004028331682691
106	320	0.9254986609933313
106	321	0.14842091239012367
107	322	0.6878957283359015
107	323	0.5996316847531493
107	324	0.6545253981653145
108	325	0.9801023528659576
108	326	0.6823799012008935
108	327	0.2561166490940261
109	328	0.6704577034123673
109	329	0.6899990110255989
109	330	0.7644756924139333
110	331	0.9246017429450217
110	332	0.8793004527924086
110	333	0.3021226518664979
111	334	0.7472000149604545
111	335	0.20228965548230438
111	336	0.9849597311946394
112	337	0.32857880158119357
112	338	0.8726743849383682
112	339	0.46760776210317045
113	340	0.6486912244695785
113	341	0.3462132724879181
113	342	0.8861209238629959
114	343	0.3186622018420149
114	344	0.7128613033270388
114	345	0.08661945099020452
115	346	0.9139152947997762
115	347	0.19406184040640495
115	348	0.8912621341576394
116	349	0.9783441998036839
116	350	0.10109845414871055
116	351	0.3971014882996067
117	352	0.7619672321951294
117	353	0.5564279649041626
117	354	0.34063442840207214
118	355	0.817058265457514
118	356	0.4380462157803531
118	357	0.5734362811421776
119	358	0.7026496751326115
119	359	0.7708560661800758
119	360	0.010032497993562206
120	361	0.9168660451828994
120	362	0.33912568722036474
120	363	0.288340825909422
121	364	0.8258331944886905
121	365	0.3664632946846762
121	366	0.41595681605307644
122	367	0.6631227845177383
122	368	0.9172599809066238
122	369	0.917960099325162
123	370	0.11151096877446287
123	371	0.1691360628376144
123	372	0.4486308415698286
124	373	0.47865323037629093
124	374	0.9509128099890902
124	375	0.06848082030387292
125	376	0.15198897408085799
125	377	0.7911025775333067
125	378	0.057797576164857034
126	379	0.7756307589498275
126	380	0.35056167045838826
126	381	0.24716446891269772
127	382	0.0984360421923749
127	383	0.5054036559177428
127	384	0.03514831819982689
128	385	0.5298511852483767
128	386	0.4063516580074895
128	387	0.27698702613053094
129	388	0.2640056024317481
129	389	0.9168096187192976
129	390	0.09608371137192706
130	391	0.06933841559329978
130	392	0.2682384668559019
130	393	0.698186812538325
131	394	0.55243374858764
131	395	0.8227378905861449
131	396	0.8562139888103064
132	397	0.8242461428489118
132	398	0.9459921794335451
132	399	0.41645486311589597
133	400	0.41659661154002725
133	401	0.26912549305028366
133	402	0.16240781291878426
134	403	0.9469817007096899
134	404	0.06711186376567113
134	405	0.8363773671938972
135	406	0.0005663837710980779
135	407	0.4598588620363946
135	408	0.9496566780622253
136	409	0.34024561812755505
136	410	0.14471221559920733
136	411	0.9498027395144526
137	412	0.3002191535871792
137	413	0.8156663109660789
137	414	0.6402232607291554
138	415	0.8312312165374522
138	416	0.5528000471962136
138	417	0.07016486716522685
139	418	0.27731893067163615
139	419	0.09207992446818924
139	420	0.36633358772992897
140	421	0.8255543951525361
140	422	0.9541748728009289
140	423	0.8440037799094298
141	424	0.9391349432774292
141	425	0.46770650782237677
141	426	0.6227072506018345
142	427	0.9939250467858862
142	428	0.9506234201183577
142	429	0.29203890972756463
143	430	0.7130329122832249
143	431	0.03813212452875403
143	432	0.4666981272117332
144	433	0.8211324867163348
144	434	0.32079092227609896
144	435	0.0188525119065448
145	436	0.5976016286162109
145	437	0.9071057046371489
145	438	0.25618512183494846
146	439	0.5997254016211457
146	440	0.24638173814619813
146	441	0.9228230321374407
147	442	0.8460931493757773
147	443	0.29018337679479655
147	444	0.46515549375350673
148	445	0.5333875863095103
148	446	0.20097043185724983
148	447	0.44505155928017226
149	448	0.6278813213065289
149	449	0.5745929102856859
149	450	0.6839767024095003
150	451	0.6941954885894999
150	452	0.6474414848704519
150	453	0.7740431476130194
151	454	0.600567960783291
151	455	0.8071786898495419
151	456	0.8337861045160766
152	457	0.8124999386374554
152	458	0.5780453447814109
152	459	0.27169721545752257
153	460	0.7645951504671213
153	461	0.20917114781094348
153	462	0.37690649320061453
154	463	0.05281880295864483
154	464	0.8232811360665577
154	465	0.6342470679535603
155	466	0.690048670733588
155	467	0.3391026743673411
155	468	0.5791666697049278
156	469	0.551825374979344
156	470	0.4612920133509437
156	471	0.26750100749440975
157	472	0.46173251507692203
157	473	0.6821386682890767
157	474	0.4551009001602684
158	475	0.14557381417721227
158	476	0.45451896910004574
158	477	0.9024492287155277
159	478	0.39473465312153533
159	479	0.6534356109205492
159	480	0.388232069123172
160	481	0.6359191526688996
160	482	0.4197641642089267
160	483	0.31806680938970633
161	484	0.9782829096634909
161	485	0.6010145814985481
161	486	0.7307758030335147
162	487	0.23253957221857768
162	488	0.8205037453239417
162	489	0.8028684595825322
163	490	0.1963028069985452
163	491	0.7217184383835185
163	492	0.6718423614951603
164	493	0.46591914964947856
164	494	0.6877789523312692
164	495	0.6341604322231973
165	496	0.004818920275753924
165	497	0.980184603851284
165	498	0.5956567426302359
166	499	0.938193561988208
166	500	0.42177318167627176
166	501	0.48740071629409076
167	502	0.9108353144281509
167	503	0.0017788398544040795
167	504	0.46580321582704887
168	505	0.31704671806611495
168	506	0.006432652861242838
168	507	0.6945501462985897
169	508	0.711179249624114
169	509	0.5895380087197664
169	510	0.3429033019916319
170	511	0.9067087289697151
170	512	0.3402953084264966
170	513	0.06042086311991035
171	514	0.15754825234583858
171	515	0.1809595195450444
171	516	0.9042906828831789
172	517	0.6205308430351408
172	518	0.19088705958163565
172	519	0.04593482593480225
173	520	0.18678222869923156
173	521	0.931501403714746
173	522	0.09524114671569173
174	523	0.4354467621202647
174	524	0.31722642425373904
174	525	0.20953893787074174
175	526	0.3385092039254234
175	527	0.154658450251568
175	528	0.31628640321968415
176	529	0.9962352512471528
176	530	0.6334761306546373
176	531	0.8336671467169765
177	532	0.8518572070414749
177	533	0.607576215445583
177	534	0.5883363367238319
178	535	0.14958115491348478
178	536	0.5056502430097024
178	537	0.5043403922116481
179	538	0.5493776974064339
179	539	0.24468706321101674
179	540	0.23842023927946432
180	541	0.38523287770492176
180	542	0.17984684401877415
180	543	0.0418186972897443
181	544	0.6517496016512268
181	545	0.02249272670113034
181	546	0.6717285557462072
182	547	0.6787264469873633
182	548	0.3858483803855246
182	549	0.8466187113624768
183	550	0.3634465657470891
183	551	0.49819060632276946
183	552	0.20216269181590318
184	553	0.6661121030960311
184	554	0.655581212881928
184	555	0.6054095047557908
185	556	0.5259375916270108
185	557	0.0249700309504286
185	558	0.3890028293886054
186	559	0.2967393829005628
186	560	0.5553527529482118
186	561	0.2064244556978223
187	562	0.6538219212364185
187	563	0.45818005602268475
187	564	0.4442048891167705
188	565	0.3377463020890219
188	566	0.6437352314717417
188	567	0.8488254146916927
189	568	0.8445879691867302
189	569	0.6964415056548656
189	570	0.16886961274761614
190	571	0.5243653460372358
190	572	0.3587149783829635
190	573	0.6620711359506406
191	574	0.04075923645629631
191	575	0.9855756152332713
191	576	0.7205346121813729
192	577	0.09882974168635228
192	578	0.49864178521055424
192	579	0.5480337827773711
193	580	0.1708955186348633
193	581	0.8083279987148393
193	582	0.22226031226084375
194	583	0.8770152897780474
194	584	0.8914164228971062
194	585	0.9888836769810152
195	586	0.42634878950998245
195	587	0.6704714922946793
195	588	0.9410722238043907
196	589	0.5252098581088105
196	590	0.9459907403793522
196	591	0.18654854918826747
197	592	0.050351910357725016
197	593	0.5853108377098682
197	594	0.7021787562056017
198	595	0.03614485931423439
198	596	0.520609121567535
198	597	0.21051754533928246
199	598	0.15889429748168227
199	599	0.8576388715384096
199	600	0.6006984293615245
200	601	0.32782708101767644
200	602	0.35192817061052895
200	603	0.05889024275095478
201	604	0.054100981726550534
201	605	0.7997161662677656
201	606	0.690039860832877
202	607	0.5367532037290529
202	608	0.12729305411907532
202	609	0.2787933648865857
203	610	0.2557682735672808
203	611	0.7384689477039599
203	612	0.06644403643844621
204	613	0.5090384061648474
204	614	0.7547752353762018
204	615	0.6892206314784977
205	616	0.35614694295204374
205	617	0.500759766749604
205	618	0.15186335667770612
206	619	0.7446698140907893
206	620	0.11344529425586403
206	621	0.3871223265682331
207	622	0.9322964640961251
207	623	0.3283118354411956
207	624	0.8891188403101422
208	625	0.1319228525350571
208	626	0.9298735037007937
208	627	0.6066083727844855
209	628	0.6493758782766466
209	629	0.06673592846386134
209	630	0.18255289820831289
210	631	0.7975396664703354
210	632	0.11811170329642628
210	633	0.7906241193249572
211	634	0.4642845525268896
211	635	0.5583348169770896
211	636	0.49778341219321387
212	637	0.7779128383676426
212	638	0.3378439751193314
212	639	0.7129532496977271
213	640	0.09166766646106372
213	641	0.1998866995445252
213	642	0.14700378695556982
214	643	0.696518592206404
214	644	0.06292888673036678
214	645	0.06802395646688586
215	646	0.24120047494453545
215	647	0.7322446690241691
215	648	0.9598038338765216
216	649	0.155311218629667
216	650	0.41016391089059745
216	651	0.5293751455061448
217	652	0.47359267688003026
217	653	0.4705949022390161
217	654	0.8243892863571727
218	655	0.5503938298956208
218	656	0.00691470761818147
218	657	0.057074274028856564
219	658	0.6597539409286151
219	659	0.7067204765337882
219	660	0.4025006774622919
220	661	0.11603700280501572
220	662	0.6559611834279666
220	663	0.5637242989838507
221	664	0.6452171790603203
221	665	0.058189867835749975
221	666	0.41022828168677794
222	667	0.9484500882205733
222	668	0.4661201730946569
222	669	0.34345520759549863
223	670	0.7156270859422031
223	671	0.6038467864333059
223	672	0.7990516693473273
224	673	0.8891228845432508
224	674	0.510984923277606
224	675	0.7371435791322227
225	676	0.7959226378193383
225	677	0.44298540337094305
225	678	0.49903092193832066
226	679	0.47098204104588115
226	680	0.1590501062380576
226	681	0.6848179483113253
227	682	0.4356347851693736
227	683	0.1993003944768803
227	684	0.6947130298192787
228	685	0.28438751648780625
228	686	0.7300875035840848
228	687	0.5994475276649696
229	688	0.19959470697862103
229	689	0.248969285016011
229	690	0.5284992377041338
230	691	0.3308339018290285
230	692	0.757783874656891
230	693	0.7142403127898556
231	694	0.6467117173680688
231	695	0.29428561080935056
231	696	0.8429962432426255
232	697	0.8728862877317263
232	698	0.14928545909367452
232	699	0.31414623628771565
233	700	0.26997269036161586
233	701	0.19430239300956575
233	702	0.294896261299332
234	703	0.2134690121182966
234	704	0.7615516624518652
234	705	0.4512631604755635
235	706	0.22217450968335384
235	707	0.17021200261104696
235	708	0.6076290669633937
236	709	0.7821421565194466
236	710	0.7592326372451375
236	711	0.7206421168895147
237	712	0.9621275307800947
237	713	0.035571587229537904
237	714	0.33799169711811894
238	715	0.1991231502055295
238	716	0.7180722971006572
238	717	0.42701071881504893
239	718	0.15307994079062526
239	719	0.6523594357115041
239	720	0.5673589610850267
240	721	0.6714573842449287
240	722	0.9706698707752315
240	723	0.40114655284488965
241	724	0.5542289108196607
241	725	0.7847178499651895
241	726	0.7728586689458252
242	727	0.22088059807911842
242	728	0.018476562037481825
242	729	0.8986640125446503
243	730	0.9850121003700895
243	731	0.006042761849884393
243	732	0.178115404277448
244	733	0.6053696781140459
244	734	0.5388896854805587
244	735	0.6361299139883676
245	736	0.5369516503581209
245	737	0.031486381032526545
245	738	0.37970496361154726
246	739	0.647417512790287
246	740	0.0012289660118494083
246	741	0.011790407474551401
247	742	0.3387146102194081
247	743	0.18130014221412338
247	744	0.39851351946366353
248	745	0.4147602815634428
248	746	0.807959812441386
248	747	0.729985689309836
249	748	0.28344627491423624
249	749	0.04329113032582388
249	750	0.0903301618875072
250	751	0.23724528646624843
250	752	0.31897282741601396
250	753	0.7859023159295662
251	754	0.6157485048649907
251	755	0.7569072881477403
251	756	0.30215162664296313
252	757	0.4008363269787615
252	758	0.30776451845832353
252	759	0.09237140902804652
253	760	0.4456109103106838
253	761	0.3132173255858588
253	762	0.19550918128576456
254	763	0.9153059078411014
254	764	0.7126632963577135
254	765	0.9068599124903818
255	766	0.8686000196721217
255	767	0.46938458620736645
255	768	0.9861432962398773
256	769	0.7773350805755663
256	770	0.033773828080512214
256	771	0.17535603893607066
257	772	0.9433795584556846
257	773	0.9197141800590609
257	774	0.37667760272674755
258	775	0.9747659763459193
258	776	0.11564726047346952
258	777	0.9670496674388964
259	778	0.033709939447653214
259	779	0.1687879393254259
259	780	0.05264944717346287
260	781	0.739922728247143
260	782	0.4493595946839344
260	783	0.9955932574387996
261	784	0.1269376630716813
261	785	0.5366826359494823
261	786	0.6677278787446257
262	787	0.4025565850545201
262	788	0.24029461790052498
262	789	0.28864250637475397
263	790	0.45408933951957997
263	791	0.09073349014370757
263	792	0.13823462092891958
264	793	0.5318294272254365
264	794	0.582988522987415
264	795	0.9568795701713722
265	796	0.6816245784279138
265	797	0.9556987205497771
265	798	0.44638599020146863
266	799	0.3178614091403533
266	800	0.743805615361655
266	801	0.358795966147202
267	802	0.8761549685709631
267	803	0.9465592674951404
267	804	0.2256156346834448
268	805	0.459652816939883
268	806	0.853687708663788
268	807	0.16387663577666967
269	808	0.2560734247949823
269	809	0.9393142193650514
269	810	0.9805133158992136
270	811	0.17287139570831778
270	812	0.28697512532449787
270	813	0.39254046651641783
271	814	0.04349305766130562
271	815	0.7305731758217192
271	816	0.7628383554728373
272	817	0.33891855711558394
272	818	0.39533413364874814
272	819	0.3640476386068041
273	820	0.5301082005028793
273	821	0.14974694700010582
273	822	0.44917170297860576
274	823	0.019545806010086486
274	824	0.25061060575251703
274	825	0.09277244964868148
275	826	0.39534476372441896
275	827	0.676504165127104
275	828	0.23794025057088364
276	829	0.2986855230589234
276	830	0.23944918227307
276	831	0.2786863411071838
277	832	0.2603825437223647
277	833	0.8635184851128521
277	834	0.5252451494063304
278	835	0.8116733864537937
278	836	0.9886762778607192
278	837	0.6619462067070847
279	838	0.9048512013314141
279	839	0.00864922724401973
279	840	0.5715905938415089
280	841	0.09448080083507215
280	842	0.9922779198328195
280	843	0.5937929893074831
281	844	0.08390528738409087
281	845	0.5883105644131237
281	846	0.41816145477118116
282	847	0.9382395490861384
282	848	0.9270413662786716
282	849	0.49764818631763186
283	850	0.49016076526942687
283	851	0.47997023847994313
283	852	0.5556208668347233
284	853	0.08202466045470891
284	854	0.6969558202939168
284	855	0.8112266442857115
285	856	0.5881782005619309
285	857	0.9148983232749459
285	858	0.3922651257905341
286	859	0.2521081496979023
286	860	0.12401299942831023
286	861	0.7646377005974827
287	862	0.16345637866133267
287	863	0.7083776480852744
287	864	0.4459793134648189
288	865	0.018890480396642872
288	866	0.3844780422633485
288	867	0.35088751575893173
289	868	0.6217406898686719
289	869	0.9674468442326765
289	870	0.6899544289456654
290	871	0.8026011516347251
290	872	0.5599345208741395
290	873	0.3694678909244966
291	874	0.7244161536778475
291	875	0.4063422235424152
291	876	0.15106318550710807
292	877	0.3826747214169379
292	878	0.7808842175987838
292	879	0.21438852710048728
293	880	0.6099042369355385
293	881	0.746617226196368
293	882	0.0514672102377407
294	883	0.5007450826431925
294	884	0.8423445652909458
294	885	0.895123035971193
295	886	0.06357618213226734
295	887	0.13008008999322662
295	888	0.15421965372346236
296	889	0.26981346790761274
296	890	0.5620379704739036
296	891	0.7991825811961251
297	892	0.5555059577335297
297	893	0.5315388137188615
297	894	0.8849652268434745
298	895	0.5829116420721026
298	896	0.38474799598959164
298	897	0.3027655091308823
299	898	0.9315294133413499
299	899	0.5082317139455501
299	900	0.4240961733894446
300	901	0.6529667239325487
300	902	0.6498114236389365
300	903	0.49365379876286397
301	904	0.33996321647711003
301	905	0.12888853479357953
301	906	0.6024068611277844
302	907	0.8886127911262252
302	908	0.3350382430145751
302	909	0.024424982689988717
303	910	0.18192701534990663
303	911	0.5371662161622579
303	912	0.1828433023467868
304	913	0.8732928653140375
304	914	0.5924346760358237
304	915	0.7752532615824457
305	916	0.2505012129238343
305	917	0.7421287519099902
305	918	0.3310471020373198
306	919	0.36450885233421326
306	920	0.14081525764198766
306	921	0.5502634051230673
307	922	0.793390367272671
307	923	0.4051205971459817
307	924	0.39323691757622425
308	925	0.02526510191344411
308	926	0.6431418311606962
308	927	0.6390977195843872
309	928	0.8497813215021606
309	929	0.6754296216020617
309	930	0.7321944886156739
310	931	0.15283158924448625
310	932	0.616922439634576
310	933	0.6039061449173775
311	934	0.8299048521199115
311	935	0.5916419636893959
311	936	0.8383221273470731
312	937	0.6332599861325803
312	938	0.6331696742042849
312	939	0.09572465710002209
313	940	0.3228256184834153
313	941	0.43095685247448534
313	942	0.6927923976143737
314	943	0.5908394365898234
314	944	0.11151861370836302
314	945	0.21591606508939032
315	946	0.9548204034925794
315	947	0.4895651239553478
315	948	0.851330559754695
316	949	0.4157595483895107
316	950	0.5658343389724028
316	951	0.9911527278044399
317	952	0.2312482475795119
317	953	0.23605765659934885
317	954	0.1189554507688304
318	955	0.5904005674884218
318	956	0.20182867461031018
318	957	0.5771895011461092
319	958	0.7866729400908905
319	959	0.27913632067563743
319	960	0.5786201108737097
320	961	0.7139599247900708
320	962	0.039482309651182046
320	963	0.634549715020233
321	964	0.5101165977179332
321	965	0.37143207450674387
321	966	0.38165575512953476
322	967	0.9775272277378759
322	968	0.7328140210378775
322	969	0.3036661903104081
323	970	0.6391877252370408
323	971	0.08438236908680274
323	972	0.7337563029946716
324	973	0.16152826582052637
324	974	0.32038048144982545
324	975	0.4992065204211502
325	976	0.6470614492309565
325	977	0.2369553629909108
325	978	0.6742532566430954
326	979	0.2497299957435134
326	980	0.4611699252318422
326	981	0.7479143245246425
327	982	0.2849981761327026
327	983	0.4887362105888746
327	984	0.3346833287175204
328	985	0.981201071951336
328	986	0.9167696318123597
328	987	0.2941892992765247
329	988	0.35393433782359407
329	989	0.8541349254456998
329	990	0.36292651211869265
330	991	0.2385308717894825
330	992	0.21553117311478553
330	993	0.5674399649305109
331	994	0.9739739173594002
331	995	0.5031915019217594
331	996	0.2890210741408148
332	997	0.7154741999577059
332	998	0.20392230688551982
332	999	0.6642096253985272
333	1000	0.8903172646238189
333	1001	0.07440329385869493
333	1002	0.5948925965644287
334	1003	0.7903544786448928
334	1004	0.3066022331710645
334	1005	0.2684437680892131
335	1006	0.2347701369591596
335	1007	0.4916261297667194
335	1008	0.03137038454918972
336	1009	0.7571965627347943
336	1010	0.4434699992298512
336	1011	0.0691573973767059
337	1012	0.030394221487999973
337	1013	0.11764520142711898
337	1014	0.633801150290334
338	1015	0.9991431524225101
338	1016	0.8253328543611906
338	1017	0.16993330949739338
339	1018	0.011977615756814552
339	1019	0.6024792696842294
339	1020	0.7626306587511107
340	1021	0.22834330216483856
340	1022	0.3292089742086096
340	1023	0.38850907465450835
341	1024	0.10347751875347344
341	1025	0.03635332923928303
341	1026	0.13058606137772077
342	1027	0.868726602297176
342	1028	0.8475654671346433
342	1029	0.7439492514405242
343	1030	0.4028783477637874
343	1031	0.5443900004107882
343	1032	0.6025312184589708
344	1033	0.0541012187248201
344	1034	0.10403522868166837
344	1035	0.38188956214504355
345	1036	0.819652769158274
345	1037	0.5836795284330125
345	1038	0.2743406621560345
346	1039	0.9222958699985775
346	1040	0.6856988610827495
346	1041	0.8802751565109306
347	1042	0.7882639843883481
347	1043	0.5025182798755319
347	1044	0.5626694401174088
348	1045	0.1731134387246409
348	1046	0.8976394645132819
348	1047	0.06258433640471495
349	1048	0.9595583580330775
349	1049	0.7905533650724248
349	1050	0.05335308451664211
350	1051	0.9961088829071509
350	1052	0.8039417076443858
350	1053	0.43065788064575106
351	1054	0.39679140500266796
351	1055	0.21840062731045695
351	1056	0.04829939908637071
352	1057	0.9383543188685024
352	1058	0.6927754731269973
352	1059	0.6388263039495268
353	1060	0.35242329891794766
353	1061	0.2034002327429375
353	1062	0.002316318429285147
354	1063	0.10363356770600907
354	1064	0.08039852313828044
354	1065	0.3069011116936027
355	1066	0.742331481310043
355	1067	0.4533384650767296
355	1068	0.5096181971805693
356	1069	0.3715307618035951
356	1070	0.1581232358465402
356	1071	0.42709566792286013
357	1072	0.39880159698805495
357	1073	0.7149864325700155
357	1074	0.7798233420223086
358	1075	0.19424541461551592
358	1076	0.5362714448199135
358	1077	0.6150351667360798
359	1078	0.07873202705730953
359	1079	0.7736073835327701
359	1080	0.2644993924801846
360	1081	0.6757095494391341
360	1082	0.23605371156902155
360	1083	0.43480091067743754
361	1084	0.6203435019733212
361	1085	0.49823779201675933
361	1086	0.7864630769131873
362	1087	0.6071910585550087
362	1088	0.424715525065575
362	1089	0.7151093021419328
363	1090	0.6563719215364013
363	1091	0.06794729318007953
363	1092	0.9688068832607244
364	1093	0.7653929742168359
364	1094	0.1530175152938712
364	1095	0.6500000244354855
365	1096	0.3512885494420678
365	1097	0.7180304050160562
365	1098	0.15645521852393474
366	1099	0.22822853108619534
366	1100	0.5926158456497206
366	1101	0.4885168014357588
367	1102	0.39599950104669723
367	1103	0.08482392740421485
367	1104	0.27060727245916283
368	1105	0.19519198573153607
368	1106	0.010392164430134354
368	1107	0.9611092059087225
369	1108	0.1773940818105234
369	1109	0.4029340009796396
369	1110	0.5571041229261073
370	1111	0.9523674411375875
370	1112	0.7516357236169373
370	1113	0.3576045920680886
371	1114	0.7602409592127055
371	1115	0.9411000275528125
371	1116	0.9125952616768767
372	1117	0.9950854408535412
372	1118	0.42000291440844606
372	1119	0.7358033603991685
373	1120	0.8192197739536786
373	1121	0.8455121440329214
373	1122	0.9266915014475643
374	1123	0.1740921441309231
374	1124	0.9581031674082379
374	1125	0.9642268548552937
375	1126	0.7718710230540287
375	1127	0.31922423331592853
375	1128	0.9099490651639561
376	1129	0.38371699272794224
376	1130	0.677202838513201
376	1131	0.8310450519300625
377	1132	0.7758415330867219
377	1133	0.5729973200482967
377	1134	0.6470212299909068
378	1135	0.19685230050865943
378	1136	0.2474259221892715
378	1137	0.35413407420588516
379	1138	0.6513816579302629
379	1139	0.42131029912188533
379	1140	0.6519254795425375
380	1141	0.855643720120379
380	1142	0.45845464083458953
380	1143	0.9790920238773149
381	1144	0.2472366354097979
381	1145	0.004660449789247956
381	1146	0.566311108634487
382	1147	0.03001076209456799
382	1148	0.8736207558087297
382	1149	0.21953524277030212
383	1150	0.06180337014827242
383	1151	0.8966912679161672
383	1152	0.11167693411956181
384	1153	0.2606664286059486
384	1154	0.8275708878251948
384	1155	0.25626203824082605
385	1156	0.4912186011534696
385	1157	0.424178191703267
385	1158	0.1255690646326788
386	1159	0.4888314900465556
386	1160	0.9955496523173557
386	1161	0.30142016439047126
387	1162	0.2641874782129676
387	1163	0.4217372821440274
387	1164	0.8586803949086845
388	1165	0.617609890911
388	1166	0.857664495032008
388	1167	0.2684285691281918
389	1168	0.9267197561516278
389	1169	0.5998620314652854
389	1170	0.6897140833618862
390	1171	0.2587892652550755
390	1172	0.3592234738495337
390	1173	0.12847988419271683
391	1174	0.25175839879449213
391	1175	0.3945212385835336
391	1176	0.29537151290690655
392	1177	0.2402341027712681
392	1178	0.07232367728230038
392	1179	0.7050912426794071
393	1180	0.9312132659467967
393	1181	0.675466286464375
393	1182	0.4946079233719409
394	1183	0.6576921413299832
394	1184	0.7112689392104365
394	1185	0.38443230995397304
395	1186	0.1324496449026592
395	1187	0.694216262029892
395	1188	0.962076884073829
396	1189	0.04395272908141412
396	1190	0.6376874560392549
396	1191	0.28955254054873514
397	1192	0.6414780686953154
397	1193	0.6392719791605077
397	1194	0.3843713998887721
398	1195	0.6156442233844415
398	1196	0.7004651166213529
398	1197	0.8224645655090121
399	1198	0.8113902682711798
399	1199	0.15374966427730685
399	1200	0.3113066176835422
400	1201	0.3865632950550282
400	1202	0.4792422155194731
400	1203	0.05615648653019756
401	1204	0.7900512977148456
401	1205	0.18080507930675438
401	1206	0.01579457862368283
402	1207	0.06961842258422868
402	1208	0.8802578885428041
402	1209	0.9835093931200083
403	1210	0.8909708323616368
403	1211	0.9529720758503859
403	1212	0.22561768401138238
404	1213	0.9238694047683
404	1214	0.2534226073699841
404	1215	0.8414183345229906
405	1216	0.37719831731653297
405	1217	0.9035466405166321
405	1218	0.7759216903514154
406	1219	0.7588239439052364
406	1220	0.4209563022657319
406	1221	0.7432747259459154
407	1222	0.34380439553083697
407	1223	0.740718836846348
407	1224	0.06696263849047623
408	1225	0.5587540342199522
408	1226	0.9504647504838277
408	1227	0.35037700962269014
409	1228	0.8051213763780356
409	1229	0.23999815955179393
409	1230	0.06555550925133957
410	1231	0.6474085990970138
410	1232	0.8122041633810326
410	1233	0.49299908874285236
411	1234	0.4658082254919229
411	1235	0.5701538149303857
411	1236	0.3207283365454847
412	1237	0.7195802946718834
412	1238	0.9094714701294979
412	1239	0.634014864616117
413	1240	0.6476965189389854
413	1241	0.5180048042889718
413	1242	0.6731212603265302
414	1243	0.19145685817337177
414	1244	0.8070151487143851
414	1245	0.08157747962073536
415	1246	0.5888918641724388
415	1247	0.32052165873984784
415	1248	0.47727265863601964
416	1249	0.3686872412271496
416	1250	0.8220417636376296
416	1251	0.3871706831514321
417	1252	0.4140977024097756
417	1253	0.6065944456458454
417	1254	0.6128344853182695
418	1255	0.09198130461953602
418	1256	0.7898176715302128
418	1257	0.2810840234061702
419	1258	0.04378146350059542
419	1259	0.2771141634751264
419	1260	0.7609092131414323
420	1261	0.1350815420690964
420	1262	0.8014906981157217
420	1263	0.282906247574199
421	1264	0.5214679236213497
421	1265	0.5569854206977407
421	1266	0.9675910499979667
422	1267	0.943304337624411
422	1268	0.8827275475857546
422	1269	0.7499384333155472
423	1270	0.7552080765693845
423	1271	0.7661000678859913
423	1272	0.11106459465551888
424	1273	0.9849451441207351
424	1274	0.038402591271228914
424	1275	0.7553368801465687
425	1276	0.08169816644810801
425	1277	0.6303706583009934
425	1278	0.10303729310939413
426	1279	0.21580112152383002
426	1280	0.577776242823683
426	1281	0.2381308586731814
427	1282	0.991771976422303
427	1283	0.8772495877035444
427	1284	0.0972439218799952
428	1285	0.7598135762646092
428	1286	0.30416699607112685
428	1287	0.6685010889395864
429	1288	0.7467357259998852
429	1289	0.31595208151782206
429	1290	0.14552034529068258
430	1291	0.3839348612135052
430	1292	0.9600605657331993
430	1293	0.7865780380453091
431	1294	0.5195616833642387
431	1295	0.6449530020374654
431	1296	0.6203217772437513
432	1297	0.8247962145454677
432	1298	0.6660322749834977
432	1299	0.8105703339453756
433	1300	0.6272785085069115
433	1301	0.7543656642830401
433	1302	0.843374901042961
434	1303	0.5152988888516117
434	1304	0.20249607403832792
434	1305	0.10172265019197058
435	1306	0.6037082832746118
435	1307	0.3415348722969309
435	1308	0.23324262158424025
436	1309	0.745887174967498
436	1310	0.9204890922364832
436	1311	0.3059658225563444
437	1312	0.9605928608051479
437	1313	0.9349025417634698
437	1314	0.3912966771661037
438	1315	0.6417177590199046
438	1316	0.8656068902071405
438	1317	0.9203307534013323
439	1318	0.9198853810751868
439	1319	0.7247201191296853
439	1320	0.49822931648684143
440	1321	0.5019174713668599
440	1322	0.6456082109576213
440	1323	0.7106933993175293
441	1324	0.6750675697430407
441	1325	0.22608169667528932
441	1326	0.039059479376964745
442	1327	0.2801515041381172
442	1328	0.1818855585818292
442	1329	0.5611816906022131
443	1330	0.5118135721667321
443	1331	0.7909861303540238
443	1332	0.10113671833449933
444	1333	0.19847151408330443
444	1334	0.33629054759969357
444	1335	0.6215511095156625
445	1336	0.6372266259007933
445	1337	0.6228412971609436
445	1338	0.4702500898583728
446	1339	0.896440141740027
446	1340	0.2662592000194941
446	1341	0.6319953529788185
447	1342	0.18264419106081098
447	1343	0.9252517191108098
447	1344	0.5513510264140318
448	1345	0.679937315140827
448	1346	0.8570656750255945
448	1347	0.8342590431305772
449	1348	0.9807999979596546
449	1349	0.7458950810485603
449	1350	0.0032101236009056677
450	1351	0.03198890705800206
450	1352	0.261257439773531
450	1353	0.715938013259696
451	1354	0.05038263658080222
451	1355	0.9868483411463842
451	1356	0.10460955334749844
452	1357	0.40666409319536045
452	1358	0.9005180690624619
452	1359	0.7345985096207364
453	1360	0.9237433979653025
453	1361	0.8823033818486801
453	1362	0.21428904147135341
454	1363	0.9227068215320653
454	1364	0.8830774226809068
454	1365	0.8626199985084613
455	1366	0.15472086063619928
455	1367	0.529701147776227
455	1368	0.7923023987509064
456	1369	0.01653849732272228
456	1370	0.6381964766402564
456	1371	0.5091320196202958
457	1372	0.2678331532244995
457	1373	0.4486594683883456
457	1374	0.37319708549800845
458	1375	0.7567728788651402
458	1376	0.9565764415468174
458	1377	0.2288611516527621
459	1378	0.2028055348609611
459	1379	0.05999966713055205
459	1380	0.6994620661097399
460	1381	0.08866497691136532
460	1382	0.9510789062440772
460	1383	0.6210307926720322
461	1384	0.9311347363263407
461	1385	0.19814643374016905
461	1386	0.8277049625214823
462	1387	0.22954918371533706
462	1388	0.8307957212063304
462	1389	0.1727059776411144
463	1390	0.04751732356761673
463	1391	0.619350783652159
463	1392	0.1426932918419901
464	1393	0.35311612488597965
464	1394	0.8646371810398188
464	1395	0.07605659897367723
465	1396	0.7034192161602453
465	1397	0.1614459214284656
465	1398	0.2222115049234894
466	1399	0.6707943615196374
466	1400	0.6729288436118055
466	1401	0.8516511529375776
467	1402	0.17672927065366928
467	1403	0.22445288736800872
467	1404	0.5606686956578786
468	1405	0.8083335416240072
468	1406	0.4742196615324845
468	1407	0.45709599394748324
469	1408	0.6852542596282247
469	1409	0.683142539576457
469	1410	0.46039286496465204
470	1411	0.36962815825980355
470	1412	0.3340631760654653
470	1413	0.6094827837935921
471	1414	0.7556753752153806
471	1415	0.39734346705830603
471	1416	0.9623510577670897
472	1417	0.004393622856717072
472	1418	0.21311720351668484
472	1419	0.1304039833187276
473	1420	0.7029980622127172
473	1421	0.3745607613105095
473	1422	0.7299006925004932
474	1423	0.6338228396755599
474	1424	0.4881539608859833
474	1425	0.4962017230465161
475	1426	0.5275037503169997
475	1427	0.8230364489770103
475	1428	0.777566150334259
476	1429	0.5013654710143403
476	1430	0.5366061184443982
476	1431	0.39245119694386776
477	1432	0.5568875807441995
477	1433	0.2561525548848934
477	1434	0.7031811816341373
478	1435	0.1278833419524662
478	1436	0.2140926691959737
478	1437	0.5612371332000379
479	1438	0.00949047563071248
479	1439	0.8337658421233096
479	1440	0.6449235051092446
480	1441	0.39249299304854324
480	1442	0.05613070785926133
480	1443	0.9077567291231552
481	1444	0.623580146728528
481	1445	0.8157113158192772
481	1446	0.9758485573497508
482	1447	0.3787118499046892
482	1448	0.5445935661754437
482	1449	0.5705443892430311
483	1450	0.6806779467209019
483	1451	0.6902575536654902
483	1452	0.6866783532366059
484	1453	0.3616634682378357
484	1454	0.8868828407536653
484	1455	0.7765147335002065
485	1456	0.8292330386326854
485	1457	0.30451492174515327
485	1458	0.9805968804580738
486	1459	0.27887460230489225
486	1460	0.7532589429327383
486	1461	0.47068743744751496
487	1462	0.5775440593387184
487	1463	0.29986044012086577
487	1464	0.4725102323996091
488	1465	0.8251760447498716
488	1466	0.13253512749950502
488	1467	0.1455718398797039
489	1468	0.8097083928385362
489	1469	0.10360278901595077
489	1470	0.6985126615986501
490	1471	0.8348681745398471
490	1472	0.14201597690969225
490	1473	0.11528765436065758
491	1474	0.2271216692366318
491	1475	0.8225536628961816
491	1476	0.1884416246984726
492	1477	0.682081973501993
492	1478	0.35363649999510827
492	1479	0.4060592074273748
493	1480	0.7183825881584305
493	1481	0.8331286507990565
493	1482	0.747328456131557
494	1483	0.6864114293357824
494	1484	0.1932948724521869
494	1485	0.8211210698043043
495	1486	0.7406128951678826
495	1487	0.21236639626634002
495	1488	0.45943785327563624
496	1489	0.246395189438968
496	1490	0.4637030018105335
496	1491	0.15428262343852772
497	1492	0.7743906990593088
497	1493	0.26761693145552723
497	1494	0.4318629613320253
498	1495	0.751323720078921
498	1496	0.056531664807789817
498	1497	0.4773974187772789
499	1498	0.8141245441187785
499	1499	0.6421132591479966
499	1500	0.1684390669354645
500	1501	0.5719413531191204
500	1502	0.24590268425388206
500	1503	0.5971053472688155
501	1504	0.9526895437439165
501	1505	0.08290870399053318
501	1506	0.37109497288517934
502	1507	0.5899212184899352
502	1508	0.9672812247341223
502	1509	0.9578932930774307
503	1510	0.21160056288117168
503	1511	0.5350789202557769
503	1512	0.2835773711538554
504	1513	0.9799108878601119
504	1514	0.9137229554249857
504	1515	0.3462490401079914
505	1516	0.6895441843520138
505	1517	0.9293967853830885
505	1518	0.4670178848817801
506	1519	0.6283295969845899
506	1520	0.8814382204362947
506	1521	0.47071429705146306
507	1522	0.8958082756316119
507	1523	0.8616683492898924
507	1524	0.19138015318467838
508	1525	0.38917498138511
508	1526	0.8916527817058697
508	1527	0.3613833970019087
509	1528	0.17122735273735346
509	1529	0.4831813054238262
509	1530	0.3195959657617111
510	1531	0.3497178701887671
510	1532	0.040066984062828825
510	1533	0.026858240044990822
511	1534	0.6772048554237169
511	1535	0.633255803556696
511	1536	0.8248480945260708
512	1537	0.8691650907508737
512	1538	0.036876451731604476
512	1539	0.7391286428359471
513	1540	0.5790303325416712
513	1541	0.5461556597525266
513	1542	0.9580888762232971
514	1543	0.9003517692552881
514	1544	0.3514654757562292
514	1545	0.005414049168931179
515	1546	0.5097917741058526
515	1547	0.30661326053323446
515	1548	0.6153346808842017
516	1549	0.19959690391239304
516	1550	0.822954801574896
516	1551	0.02931679573750845
517	1552	0.5298447149110515
517	1553	0.6878007061428857
517	1554	0.66257663609559
518	1555	0.9807484747665329
518	1556	0.8702412518101759
518	1557	0.1819566060447233
519	1558	0.010929725833546677
519	1559	0.783361735805637
519	1560	0.09360684590360435
520	1561	0.9301081691219371
520	1562	0.7387191987878436
520	1563	0.9390432198514422
521	1564	0.07548081264671658
521	1565	0.3040225299699769
521	1566	0.39003268687341164
522	1567	0.9965764214238968
522	1568	0.7640680289788606
522	1569	0.1895883512954235
523	1570	0.9539809251874234
523	1571	0.48844658437578414
523	1572	0.21820665925681926
524	1573	0.8473142362602362
524	1574	0.27411207998116094
524	1575	0.4917049221909924
525	1576	0.9628479546358548
525	1577	0.6866255536377763
525	1578	0.07097501716548749
526	1579	0.7615393031070172
526	1580	0.5166712877013628
526	1581	0.41852852656816353
527	1582	0.10415599057904612
527	1583	0.8492737660819305
527	1584	0.9892969950437056
528	1585	0.19018193719951704
528	1586	0.10235076935830367
528	1587	0.08691578201937666
529	1588	0.03440940479731258
529	1589	0.46681845140095835
529	1590	0.4287944937824557
530	1591	0.5517458541041409
530	1592	0.742144291090657
530	1593	0.45654932386376235
531	1594	0.05731276392144535
531	1595	0.8329860273472967
531	1596	0.6338400846681349
532	1597	0.6968807847802303
532	1598	0.41788031413673377
532	1599	0.5186306591590792
533	1600	0.6968481219715241
533	1601	0.31846868063516043
533	1602	0.5555170509803458
534	1603	0.8798811876475514
534	1604	0.009653973734978116
534	1605	0.46680719900018364
535	1606	0.11817674892013696
535	1607	0.15845767497586083
535	1608	0.6820480967155627
536	1609	0.19728228764212552
536	1610	0.718486373467224
536	1611	0.2932345455964822
537	1612	0.5751832961419441
537	1613	0.9729555539219112
537	1614	0.6088143250926921
538	1615	0.08386510279875714
538	1616	0.8445696345478533
538	1617	0.3108844279899774
539	1618	0.9269614223174507
539	1619	0.2657816164914395
539	1620	0.6219467613490597
540	1621	0.045034451967376654
540	1622	0.9955405868237115
540	1623	0.22456855432984035
541	1624	0.7431512703089752
541	1625	0.998569577953496
541	1626	0.03355336944597953
542	1627	0.5659045260479958
542	1628	0.1607146959248622
542	1629	0.7916669228014097
543	1630	0.7946299769246385
543	1631	0.1464453877094849
543	1632	0.5799904712384438
544	1633	0.21293602918442067
544	1634	0.9591255634318436
544	1635	0.23064508821490293
545	1636	0.8156968715971862
545	1637	0.2436057689186395
545	1638	0.6907031420657557
546	1639	0.72650553160585
546	1640	0.6155268650257812
546	1641	0.6845755403285962
547	1642	0.6419626496131343
547	1643	0.673962230453085
547	1644	0.7062597989207742
548	1645	0.6039843317092197
548	1646	0.17547942343456313
548	1647	0.935781120630617
549	1648	0.28760093397736675
549	1649	0.9258270638124872
549	1650	0.17214469316352066
550	1651	0.5273980719434759
550	1652	0.45132619483553604
550	1653	0.7847099279974001
551	1654	0.8588999198205678
551	1655	0.43812939083907176
551	1656	0.12470171434003152
552	1657	0.9537558501306791
552	1658	0.4135594495715238
552	1659	0.03808455869363625
553	1660	0.994293516470756
553	1661	0.3253229872076737
553	1662	0.4479831945973345
554	1663	0.4874897501015223
554	1664	0.4227865422654782
554	1665	0.8424288283916468
555	1666	0.21947141070230824
555	1667	0.09063741901399336
555	1668	0.4285274581345986
556	1669	0.517822414585642
556	1670	0.4603077329086598
556	1671	0.6855252945682717
557	1672	0.1483726067398342
557	1673	0.06743577634808862
557	1674	0.8154344930172859
558	1675	0.7137400428635973
558	1676	0.15614164376531914
558	1677	0.3961083720428782
559	1678	0.13294309975321117
559	1679	0.031221009218482476
559	1680	0.13816968192424595
560	1681	0.4482355061244889
560	1682	0.9811961416040305
560	1683	0.943593056384116
561	1684	0.8053446079979341
561	1685	0.21386259210328173
561	1686	0.3523166341946533
562	1687	0.4902581926490862
562	1688	0.2440666865251354
562	1689	0.3622789228506589
563	1690	0.14067648059693127
563	1691	0.7836009916830498
563	1692	0.03568556623932606
564	1693	0.46805393029940046
564	1694	0.8806886069844964
564	1695	0.20333493141285608
565	1696	0.16009810701140004
565	1697	0.802330487084367
565	1698	0.27198199071630835
566	1699	0.8028989133504261
566	1700	0.6579016440103755
566	1701	0.7428696853693975
567	1702	0.12325423897706123
567	1703	0.6941762575632886
567	1704	0.2533660510279434
568	1705	0.08692482185288719
568	1706	0.857239219042663
568	1707	0.6992584175017118
569	1708	0.4917287900966063
569	1709	0.7559564360160265
569	1710	0.8475040104082097
570	1711	0.9482797081429029
570	1712	0.33311175899310985
570	1713	0.49329046240556096
571	1714	0.9146988786066893
571	1715	0.3583003646005465
571	1716	0.025553206164563136
572	1717	0.5025079309259535
572	1718	0.6737774281224531
572	1719	0.31105103666208445
573	1720	0.8186433535417517
573	1721	0.6766357391559392
573	1722	0.8593114082853832
574	1723	0.059839997418112856
574	1724	0.8401425228318407
574	1725	0.7432887246478797
575	1726	0.07051077923355709
575	1727	0.6088371931143581
575	1728	0.9991754360058964
576	1729	0.3528194834702958
576	1730	0.06072679747860654
576	1731	0.4717199221312889
577	1732	0.21145490696441527
577	1733	0.09162215087835157
577	1734	0.6425448418126889
578	1735	0.47364148535051176
578	1736	0.017870872558686024
578	1737	0.707203616340554
579	1738	0.8899850547224948
579	1739	0.6784405042234671
579	1740	0.9377756903559948
580	1741	0.6599381502445771
580	1742	0.14135635952047565
580	1743	0.34755074695782584
581	1744	0.6976581583388917
581	1745	0.1321071889245553
581	1746	0.2893834787084071
582	1747	0.5115682651323102
582	1748	0.4458437008300207
582	1749	0.108983370964566
583	1750	0.843402593182772
583	1751	0.8169248825798552
583	1752	0.515485499523535
584	1753	0.7064177997940968
584	1754	0.3202792825877383
584	1755	0.7183848254570249
585	1756	0.6940469097478261
585	1757	0.31268429511386575
585	1758	0.6096239015991785
586	1759	0.30263669814386485
586	1760	0.007039138848198956
586	1761	0.9850725218751668
587	1762	0.3897251416050881
587	1763	0.61302702839231
587	1764	0.47365771734404305
588	1765	0.7261477828697553
588	1766	0.8294469125774699
588	1767	0.9965814031473328
589	1768	0.8893294069433848
589	1769	0.7391271394270913
589	1770	0.332504255928864
590	1771	0.0384911006298424
590	1772	0.07207142095311425
590	1773	0.015256462464466214
591	1774	0.17789536802858474
591	1775	0.7181201559233399
591	1776	0.8091810913734183
592	1777	0.6364419589806851
592	1778	0.1378258824924914
592	1779	0.6617055094988533
593	1780	0.08853825025914308
593	1781	0.1827349696365812
593	1782	0.12869639591386273
594	1783	0.3581826200098366
594	1784	0.8423450241925563
594	1785	0.13108274013935706
595	1786	0.7685909219464848
595	1787	0.45048644558184847
595	1788	0.6909930681085199
596	1789	0.11571859731525747
596	1790	0.4106023086560535
596	1791	0.6746426765995102
597	1792	0.3951155333761547
597	1793	0.09855111222339197
597	1794	0.11859557206621263
598	1795	0.3983966553296334
598	1796	0.5876561352121765
598	1797	0.007207908012443198
599	1798	0.06252023124316786
599	1799	0.4884282464504204
599	1800	0.9619705815058031
600	1801	0.7982511608432032
600	1802	0.23226386873424776
600	1803	0.3044612121223196
601	1804	0.1658783512950064
601	1805	0.8116605446409064
601	1806	0.4896802666795588
602	1807	0.8318089922745965
602	1808	0.06659576187339811
602	1809	0.20816272735175279
603	1810	0.5104873401652616
603	1811	0.7613863065856963
603	1812	0.15662904123269294
604	1813	0.509629689184961
604	1814	0.17036627677227578
604	1815	0.5995115428757103
605	1816	0.8595167636237264
605	1817	0.31408892593365767
605	1818	0.4724305784623066
606	1819	0.5601443543695896
606	1820	0.4955436073406929
606	1821	0.4418184441777937
607	1822	0.12430867420121083
607	1823	0.0458071258759114
607	1824	0.4179813578588307
608	1825	0.09535270433291387
608	1826	0.16821675105237777
608	1827	0.1244374285433647
609	1828	0.0499343691363493
609	1829	0.5698252778916659
609	1830	0.27128935104074214
610	1831	0.28158274611930656
610	1832	0.5197805533621036
610	1833	0.7661898451406008
611	1834	0.1608248334077511
611	1835	0.6675629580578031
611	1836	0.18271095799603643
612	1837	0.3844084822190803
612	1838	0.4975164912457304
612	1839	0.35478645540545983
613	1840	0.9367555134683303
613	1841	0.8346439946545301
613	1842	0.9384586362662031
614	1843	0.5577668802336511
614	1844	0.7412984005892409
614	1845	0.09576859686202965
615	1846	0.48153281240555657
615	1847	0.1610795519147432
615	1848	0.08336338680490041
616	1849	0.042063466733412436
616	1850	0.16534564038272637
616	1851	0.011349879474416902
617	1852	0.05213598300527644
617	1853	0.723458637233434
617	1854	0.4619228350912179
618	1855	0.349353413167351
618	1856	0.6716535242095834
618	1857	0.3440237774397721
619	1858	0.17211596435510645
619	1859	0.5261655522371274
619	1860	0.49665644480117654
620	1861	0.6453607659133992
620	1862	0.026041265920335732
620	1863	0.06406259070865072
621	1864	0.5315886170317847
621	1865	0.8608218504693723
621	1866	0.6172306625519108
622	1867	0.14176480256501567
622	1868	0.5848545111348891
622	1869	0.4408098545592436
623	1870	0.6696767693524117
623	1871	0.5513051639613584
623	1872	0.6785119216658169
624	1873	0.12065436681949526
624	1874	0.7840224947998244
624	1875	0.6963009138439631
625	1876	0.0076231944760373205
625	1877	0.0024575507917292683
625	1878	0.6825308895155393
626	1879	0.07376935740565893
626	1880	0.4185879595188027
626	1881	0.09869289738564824
627	1882	0.19595465788686273
627	1883	0.5668404621395289
627	1884	0.5921231654995034
628	1885	0.5108332820421455
628	1886	0.6775919879796408
628	1887	0.4268657250818819
629	1888	0.7765248759298062
629	1889	0.14590875673665427
629	1890	0.2602901824850061
630	1891	0.26216705616250036
630	1892	0.49819830906866813
630	1893	0.21822011913219175
631	1894	0.7053866034589351
631	1895	0.834006233124768
631	1896	0.9812319296770875
632	1897	0.440846470228728
632	1898	0.649561184849416
632	1899	0.5857049853625593
633	1900	0.5813772292038397
633	1901	0.1810039903556664
633	1902	0.9344004366148413
634	1903	0.49241516620365566
634	1904	0.3270308742908288
634	1905	0.5716864802938186
635	1906	0.5670119338943211
635	1907	0.8410888357276436
635	1908	0.7282329055911294
636	1909	0.7586380214243431
636	1910	0.5892850157376293
636	1911	0.1950412534479753
637	1912	0.5037627766635842
637	1913	0.6075427525456298
637	1914	0.9589968272125837
638	1915	0.6932892377336706
638	1916	0.24112810095399628
638	1917	0.697286288864345
639	1918	0.12530547394323988
639	1919	0.705480129495685
639	1920	0.22708199681603247
640	1921	0.5109803321444017
640	1922	0.9058304728367839
640	1923	0.40283194472692685
641	1924	0.3643759048581635
641	1925	0.13872942789352627
641	1926	0.501356181889296
642	1927	0.13825922343452812
642	1928	0.5256867828513445
642	1929	0.5629663024136273
643	1930	0.10169648343038717
643	1931	0.4706940127357401
643	1932	0.2729054940708746
644	1933	0.2408025101230109
644	1934	0.9340472800172233
644	1935	0.6672953005084779
645	1936	0.017880107294342085
645	1937	0.5958986669938575
645	1938	0.13415853476207662
646	1939	0.0955397517583031
646	1940	0.6984066873472559
646	1941	0.35830990486407543
647	1942	0.4699517795635876
647	1943	0.9617914653943214
647	1944	0.2595186213273317
648	1945	0.660289968151422
648	1946	0.27068098286427755
648	1947	0.05885893626304295
649	1948	0.9447970825923755
649	1949	0.15453492632291344
649	1950	0.8293170648554078
650	1951	0.9004745910660554
650	1952	0.7512626801441789
650	1953	0.28741429704943844
651	1954	0.5058977583318764
651	1955	0.6616271255122186
651	1956	0.30002845916637
652	1957	0.6951510633197122
652	1958	0.622783245965036
652	1959	0.744191324178181
653	1960	0.9976999865037288
653	1961	0.5294846314448982
653	1962	0.2775200598432068
654	1963	0.8300000293585641
654	1964	0.9244923680255672
654	1965	0.9469559834682117
655	1966	0.5021863199777172
655	1967	0.2010114511122547
655	1968	0.8235508177118112
656	1969	0.8810108583570413
656	1970	0.5783522731232145
656	1971	0.22157224497515138
657	1972	0.5644893027326755
657	1973	0.14964339736348709
657	1974	0.3139152990832157
658	1975	0.7410927173001176
658	1976	0.7304054507363482
658	1977	0.9246914717227641
659	1978	0.3430379434734171
659	1979	0.5809350838987806
659	1980	0.1383577026799543
660	1981	0.9788959144687202
660	1982	0.6026260963850225
660	1983	0.2355307798260613
661	1984	0.4869868220832725
661	1985	0.7427706543018182
661	1986	0.9091877243209314
662	1987	0.7472456848063707
662	1988	0.6893806560498907
662	1989	0.018439765137774344
663	1990	0.23348904500322776
663	1991	0.023829056994013387
663	1992	0.6550517847373403
664	1993	0.09056284476138887
664	1994	0.8932442524715678
664	1995	0.33846326807089033
665	1996	0.8550666210642202
665	1997	0.7495415788844255
665	1998	0.4829088886190007
666	1999	0.24405420063100625
666	2000	0.2949543780775832
666	2001	0.06934380664372819
667	2002	0.3278819942312282
667	2003	0.6038645019026259
667	2004	0.5899188309903431
668	2005	0.03636800817870478
668	2006	0.7693889837452024
668	2007	0.7737350226460431
669	2008	0.9537527558903292
669	2009	0.6572693615444347
669	2010	0.7892320423414407
670	2011	0.5875464389552034
670	2012	0.7819193834500862
670	2013	0.6983508673720635
671	2014	0.41522216372358833
671	2015	0.050966547674679674
671	2016	0.6372525955774719
672	2017	0.22503374117762498
672	2018	0.45027598486763765
672	2019	0.9835805040384127
673	2020	0.15087689221679357
673	2021	0.4056340608045472
673	2022	0.03411978308275021
674	2023	0.9513851856796482
674	2024	0.5075942451667945
674	2025	0.7761861609792096
675	2026	0.13059765114268096
675	2027	0.5855562222976118
675	2028	0.5639778233505321
676	2029	0.4389256856655961
676	2030	0.6247267898544906
676	2031	0.8430646376987809
677	2032	0.38728050072150844
677	2033	0.735081120462235
677	2034	0.32114230694514845
678	2035	0.2710334963424855
678	2036	0.030917922427903477
678	2037	0.7323758951580626
679	2038	0.4680801953984237
679	2039	0.3193075192010948
679	2040	0.9878489987470491
680	2041	0.33525442163887265
680	2042	0.47902173115589
680	2043	0.28268209275534417
681	2044	0.9316042025275828
681	2045	0.3405772879701745
681	2046	0.9596950853896384
682	2047	0.3920454934858806
682	2048	0.23471638758674418
682	2049	0.11618338606168832
683	2050	0.6872719275335757
683	2051	0.5301110706213037
683	2052	0.9787239020743619
684	2053	0.4538426987619004
684	2054	0.005723062101906207
684	2055	0.05811568154394031
685	2056	0.015776851818959492
685	2057	0.9784795859557036
685	2058	0.7392847520686292
686	2059	0.8322364892478777
686	2060	0.2366816433534682
686	2061	0.6327828869343008
687	2062	0.3430506516233439
687	2063	0.7986278661200157
687	2064	0.2792411768830565
688	2065	0.29127248710349796
688	2066	0.5693283557351493
688	2067	0.9875262397322082
689	2068	0.6983900927159281
689	2069	0.9562497623525785
689	2070	0.1295648142592296
690	2071	0.8628522273291503
690	2072	0.3298929189950499
690	2073	0.6494821990506847
691	2074	0.26460105717325333
691	2075	0.3337255592241597
691	2076	0.3148885812690274
692	2077	0.34775746957774345
692	2078	0.34295227707271625
692	2079	0.5888682039524635
693	2080	0.11126449620848433
693	2081	0.13865326351784768
693	2082	0.03673923156534542
694	2083	0.5875523906642205
694	2084	0.06442661604477262
694	2085	0.24614184679839868
695	2086	0.7592732642255897
695	2087	0.7454881155802195
695	2088	0.8610834978620256
696	2089	0.6356580552860285
696	2090	0.6198046235716994
696	2091	0.6151232131871183
697	2092	0.30012979678607066
697	2093	0.4648898583112916
697	2094	0.6190366951860273
698	2095	0.9299969808510218
698	2096	0.6696488110447159
698	2097	0.7982883413782242
699	2098	0.42826208279976763
699	2099	0.833825115404073
699	2100	0.6513853831374536
700	2101	0.08014581325887404
700	2102	0.902202953643976
700	2103	0.35393500962894686
701	2104	0.34003412630914975
701	2105	0.3116045066743043
701	2106	0.1827007223808872
702	2107	0.22983146976591629
702	2108	0.29398430716226465
702	2109	0.652688103981915
703	2110	0.40807225101473
703	2111	0.9764720748856468
703	2112	0.20062627145817125
704	2113	0.3087197202330212
704	2114	0.6082068901777387
704	2115	0.9477709318020269
705	2116	0.16663305124995564
705	2117	0.49907309622947515
705	2118	0.7842710325537388
706	2119	0.27814575254024
706	2120	0.08124793531719288
706	2121	0.36523855140231465
707	2122	0.15475345324876166
707	2123	0.7189815313002899
707	2124	0.1340474825171194
708	2125	0.16867610421106816
708	2126	0.966087227524437
708	2127	0.4701315738208294
709	2128	0.010375646882549883
709	2129	0.9609917478141949
709	2130	0.35747472572376093
710	2131	0.8145262315733737
710	2132	0.9330908611251729
710	2133	0.3737532023704402
711	2134	0.586825868322237
711	2135	0.0991818030110001
711	2136	0.528362389379625
712	2137	0.19506712620767175
712	2138	0.9173946502935881
712	2139	0.7105555889936759
713	2140	0.5840010739018126
713	2141	0.00953870067597773
713	2142	0.30222431067121036
714	2143	0.7901047076847451
714	2144	0.00871010466370059
714	2145	0.6431012691316504
715	2146	0.3792639988766253
715	2147	0.07539403581866067
715	2148	0.6454389582446356
716	2149	0.7000021202058638
716	2150	0.04395782305091078
716	2151	0.5835184257221684
717	2152	0.1389376929540903
717	2153	0.5954540353518838
717	2154	0.0074691624297198445
718	2155	0.18177768617035295
718	2156	0.6799028113043701
718	2157	0.83457382699368
719	2158	0.5697419477466352
719	2159	0.41819232056094424
719	2160	0.21715267505668034
720	2161	0.4488474589012299
720	2162	0.16666885536817144
720	2163	0.4952856688615723
721	2164	0.44716416393070024
721	2165	0.851366017215692
721	2166	0.17251599230042514
722	2167	0.5690066925432671
722	2168	0.560538449312511
722	2169	0.4703636042633823
723	2170	0.8940265305180818
723	2171	0.5299266881577369
723	2172	0.01864715418720575
724	2173	0.8384889086265179
724	2174	0.27746547670933985
724	2175	0.600670826093352
725	2176	0.9093369527461115
725	2177	0.42875097621075264
725	2178	0.8610573203035128
726	2179	0.346293778658318
726	2180	0.9243581484415442
726	2181	0.8113570010639295
727	2182	0.6232284046683199
727	2183	0.2319646285646293
727	2184	0.6559072840435842
728	2185	0.6684079756354107
728	2186	0.38980064191377073
728	2187	0.3051840390580445
729	2188	0.8646817341579633
729	2189	0.22906212262578451
729	2190	0.8607067752733246
730	2191	0.03436351823384365
730	2192	0.3038097424726045
730	2193	0.305335144322993
731	2194	0.5801276632848684
731	2195	0.11567791988256959
731	2196	0.9856345891557772
732	2197	0.642310785958689
732	2198	0.28224457075442455
732	2199	0.9829920909392484
733	2200	0.46216557119690027
733	2201	0.21470731967279422
733	2202	0.9399647633042139
734	2203	0.6920758201615583
734	2204	0.12935810731671005
734	2205	0.5051768727936836
735	2206	0.6296906132458666
735	2207	0.8673849270075165
735	2208	0.6168604093378578
736	2209	0.9307190372783807
736	2210	0.8792890906494115
736	2211	0.7758693285237754
737	2212	0.8384200657492977
737	2213	0.528354918945221
737	2214	0.621157203210005
738	2215	0.6445673427264507
738	2216	0.9920170469037224
738	2217	0.14885907884548644
739	2218	0.39040069368427877
739	2219	0.6896777135975949
739	2220	0.3978740182233902
740	2221	0.8251675483669689
740	2222	0.11325009504005756
740	2223	0.04914703896815986
741	2224	0.9040597360313356
741	2225	0.5039232957675361
741	2226	0.1493975319222427
742	2227	0.6687011388529231
742	2228	0.26603535707461035
742	2229	0.5301988374473057
743	2230	0.48110672045662506
743	2231	0.35011961450988416
743	2232	0.3932603887692707
744	2233	0.3208829255051918
744	2234	0.5673443480173004
744	2235	0.3806121771734672
745	2236	0.7963510421802455
745	2237	0.6646821813320347
745	2238	0.8771842659891886
746	2239	0.8840785769967054
746	2240	0.8720592924038888
746	2241	0.05409621976513179
747	2242	0.19076527554370348
747	2243	0.8761907742734354
747	2244	0.5599781639095593
748	2245	0.1906994546223385
748	2246	0.8302214333540441
748	2247	0.09414860913529699
749	2248	0.2998002871166151
749	2249	0.4678825733106158
749	2250	0.7986164979822434
750	2251	0.5438469002329394
750	2252	0.5562607284361047
750	2253	0.20520645216158595
751	2254	0.4835761020856104
751	2255	0.12189312075701153
751	2256	0.8655643883583144
752	2257	0.18599565254468264
752	2258	0.39811468385188764
752	2259	0.6819649239122927
753	2260	0.654368119130166
753	2261	0.9226707461417325
753	2262	0.6701626764406692
754	2263	0.1570568804970337
754	2264	0.6139360119606234
754	2265	0.4565603370815028
755	2266	0.1591000846966365
755	2267	0.07047356050765163
755	2268	0.14254904946870184
756	2269	0.8455131235304485
756	2270	0.7615391870255477
756	2271	0.4794652621161104
757	2272	0.29294672397158683
757	2273	0.4587913373082342
757	2274	0.2238457109375771
758	2275	0.3226938338287172
758	2276	0.8917562002300641
758	2277	0.21739984029328507
759	2278	0.7055898681289418
759	2279	0.14198059394441787
759	2280	0.7433199037865537
760	2281	0.6255569407512838
760	2282	0.5962848806112091
760	2283	0.7204554869965754
761	2284	0.316113421505418
761	2285	0.5462243982447577
761	2286	0.33239428954035244
762	2287	0.9357602483498617
762	2288	0.8497317885493816
762	2289	0.34201317248211716
763	2290	0.04040592285374789
763	2291	0.30403787992675824
763	2292	0.7140000435086771
764	2293	0.2173806809617611
764	2294	0.8263466372455355
764	2295	0.20344533825364675
765	2296	0.579804357910341
765	2297	0.019083163316602203
765	2298	0.09794085282464327
766	2299	0.5693490434751605
766	2300	0.7295033004271052
766	2301	0.025475891995712985
767	2302	0.20861967393842162
767	2303	0.9469741915010244
767	2304	0.9100950284550797
768	2305	0.4126554999102958
768	2306	0.15970469622671468
768	2307	0.032624672470238814
769	2308	0.8829582433923364
769	2309	0.05538844828362599
769	2310	0.8968041765802166
770	2311	0.17187179314001777
770	2312	0.4259631491653306
770	2313	0.15337458964690232
771	2314	0.5659562039139912
771	2315	0.43982678558789523
771	2316	0.10874702817798187
772	2317	0.31842528151922966
772	2318	0.9442956936067257
772	2319	0.5832584090488897
773	2320	0.3325902351656752
773	2321	0.676708915572032
773	2322	0.5768149596316086
774	2323	0.6699191827915718
774	2324	0.7477377260516542
774	2325	0.5028156621681594
775	2326	0.790777521219164
775	2327	0.545217011415424
775	2328	0.027962884439483915
776	2329	0.7944846790256839
776	2330	0.9472233901067764
776	2331	0.08278755589391729
777	2332	0.4351922278925693
777	2333	0.6040764638863454
777	2334	0.9007354061696864
778	2335	0.18506207468407454
778	2336	0.10204168609376074
778	2337	0.0961932100525833
779	2338	0.28457292257048616
779	2339	0.21432968313704337
779	2340	0.3536225555882542
780	2341	0.8157394312948236
780	2342	0.2889889347074588
780	2343	0.5974031588806801
781	2344	0.7046711188980814
781	2345	0.5869030712607373
781	2346	0.43893657696656874
782	2347	0.7583453703568028
782	2348	0.5865504801180705
782	2349	0.7858755900779331
783	2350	0.4287168357172746
783	2351	0.34147011164184526
783	2352	0.6957584803629642
784	2353	0.48346142729982244
784	2354	0.7495812493041107
784	2355	0.18825303724070164
785	2356	0.09417803472986996
785	2357	0.8803847476612161
785	2358	0.9608987733407464
786	2359	0.24149260508275916
786	2360	0.7322302048173572
786	2361	0.964538203162415
787	2362	0.8922049352718497
787	2363	0.42438431961305834
787	2364	0.10954841623633449
788	2365	0.1531783513717221
788	2366	0.7322306238622808
788	2367	0.2901278328018426
789	2368	0.2997895408485628
789	2369	0.13042972511669682
789	2370	0.03535070888209901
790	2371	0.903813968977063
790	2372	0.31301053638833753
790	2373	0.62159732581223
791	2374	0.7392093192147478
791	2375	0.7548264451289945
791	2376	0.8549099911299392
792	2377	0.26210248633230115
792	2378	0.05343653510288959
792	2379	0.2839693063238382
793	2380	0.5652384656980679
793	2381	0.4478214669080973
793	2382	0.3861323469513023
794	2383	0.616314547786224
794	2384	0.5696810297643102
794	2385	0.5565922423841423
795	2386	0.7856988917820008
795	2387	0.16060973428306868
795	2388	0.06636170118833107
796	2389	0.4378509008656093
796	2390	0.24644766411033903
796	2391	0.579763838344526
797	2392	0.2612035939117958
797	2393	0.9008417637848076
797	2394	0.13009995610983616
798	2395	0.7958588394704247
798	2396	0.6887533122120209
798	2397	0.687672976555004
799	2398	0.8352268726843683
799	2399	0.21355120538406114
799	2400	0.881646283434069
800	2401	0.4230388433516854
800	2402	0.04663634874435074
800	2403	0.7906616684391299
801	2404	0.6755994723879203
801	2405	0.6441577760064785
801	2406	0.1656699074177297
802	2407	0.9923949739139442
802	2408	0.572535621561844
802	2409	0.9777145206903262
803	2410	0.3730220319157701
803	2411	0.6453846824610989
803	2412	0.48777815574167516
804	2413	0.22479933845342048
804	2414	0.3801096968062678
804	2415	0.6537254993054509
805	2416	0.01609626462970437
805	2417	0.06836916375943414
805	2418	0.5506311488787983
806	2419	0.44672152235728024
806	2420	0.013998849463217944
806	2421	0.8966248401330805
807	2422	0.3899595460384404
807	2423	0.10218579367347136
807	2424	0.28689722569195464
808	2425	0.23169037054860508
808	2426	0.5202803783127702
808	2427	0.7816368349287721
809	2428	0.4204367877405484
809	2429	0.7781817088737242
809	2430	0.6179960249874306
810	2431	0.20971699050855075
810	2432	0.8568773193118151
810	2433	0.47465632767752197
811	2434	0.7989879138767025
811	2435	0.5689581600059634
811	2436	0.031164309921753564
812	2437	0.6978502832753941
812	2438	0.34355290090105495
812	2439	0.6939995385728857
813	2440	0.8495565762156099
813	2441	0.22407950649356323
813	2442	0.789457801217754
814	2443	0.19083961072633915
814	2444	0.5713824225609789
814	2445	0.7218057503491284
815	2446	0.21298000204908218
815	2447	0.24409418116134685
815	2448	0.04493419924089448
816	2449	0.3128193039818443
816	2450	0.06242582753726855
816	2451	0.9215836405944788
817	2452	0.3980170125346296
817	2453	0.966146063603448
817	2454	0.265082566235848
818	2455	0.10608569608268059
818	2456	0.9573633086768183
818	2457	0.7120111535010594
819	2458	0.7712293576963885
819	2459	0.37973315064983026
819	2460	0.47871505859773045
820	2461	0.48073385685472403
820	2462	0.04728857801740993
820	2463	0.546966261712706
821	2464	0.3406597345564788
821	2465	0.1283170949414123
821	2466	0.0014453937098251046
822	2467	0.4027139943300392
822	2468	0.2711627307510076
822	2469	0.7550147469808328
823	2470	0.09870669328138926
823	2471	0.32775169554519756
823	2472	0.9451023035748363
824	2473	0.7661017721605359
824	2474	0.8253798036124733
824	2475	0.5496892430115317
825	2476	0.9509987969715215
825	2477	0.5233965268348677
825	2478	0.8388728353791461
826	2479	0.4066273490841765
826	2480	0.8743055866488652
826	2481	0.24195662962939846
827	2482	0.20617412910790067
827	2483	0.5548297433379621
827	2484	0.3857147392756297
828	2485	0.39124161992060513
828	2486	0.3790877668569659
828	2487	0.3021980340656487
829	2488	0.9445587097444803
829	2489	0.631789846761901
829	2490	0.25045537449605426
830	2491	0.3930632467255264
830	2492	0.7384107100351001
830	2493	0.7954408433002369
831	2494	0.14960151192084692
831	2495	0.923124290332896
831	2496	0.6417546837239669
832	2497	0.002306368409231485
832	2498	0.5656767361532253
832	2499	0.2749579081135902
833	2500	0.9627178004782619
833	2501	0.1496313547940593
833	2502	0.7994766786350702
834	2503	0.4599291219290266
834	2504	0.4507200780259084
834	2505	0.4490920811151389
835	2506	0.9152403224745784
835	2507	0.2939504724947435
835	2508	0.3733020770709059
836	2509	0.46850106451739215
836	2510	0.10592210384559753
836	2511	0.9695153227291335
837	2512	0.8138085218642104
837	2513	0.8101905038262345
837	2514	0.6075391668368972
838	2515	0.286385697944326
838	2516	0.11038906327835896
838	2517	0.4177171702885758
839	2518	0.2919415413257991
839	2519	0.6114562463379335
839	2520	0.8157341319077624
840	2521	0.8517468701325783
840	2522	0.4819729393690326
840	2523	0.5574156617523855
841	2524	0.46189854473237757
841	2525	0.4190686074734311
841	2526	0.8520687694389943
842	2527	0.07216704978860666
842	2528	0.026081564505615162
842	2529	0.5284326713919789
843	2530	0.5825317273945112
843	2531	0.29358448124796155
843	2532	0.6704850419476642
844	2533	0.42649055483431386
844	2534	0.19813301730002308
844	2535	0.8805104474265071
845	2536	0.40424015272184466
845	2537	0.23027732134779155
845	2538	0.7403090375685957
846	2539	0.9538299557653063
846	2540	0.1291890055505669
846	2541	0.20927029894471527
847	2542	0.8209431094573272
847	2543	0.6022443190620397
847	2544	0.7661452316854893
848	2545	0.24460341132749863
848	2546	0.6921168591275992
848	2547	0.7488923522585957
849	2548	0.919070963278432
849	2549	0.2273545399674144
849	2550	0.47727743390052124
850	2551	0.22515996168939412
850	2552	0.38862694249629004
850	2553	0.30008630410710335
851	2554	0.1666447115786679
851	2555	0.9015266035012077
851	2556	0.7260676879128138
852	2557	0.8079003859638614
852	2558	0.45087768681524487
852	2559	0.025737751448737356
853	2560	0.21086196798111956
853	2561	0.3525307957939843
853	2562	0.9230474503418851
854	2563	0.31061236612368504
854	2564	0.1552594942861112
854	2565	0.15323181674144903
855	2566	0.45677461093718297
855	2567	0.2202627076436564
855	2568	0.5064347289549103
856	2569	0.19062623879310703
856	2570	0.18029519853069675
856	2571	0.996770601578175
857	2572	0.8676135149344884
857	2573	0.7309923185511482
857	2574	0.44517344369929246
858	2575	0.38828249007605997
858	2576	0.37459896797364567
858	2577	0.06114001282733472
859	2578	0.8526298424622938
859	2579	0.1140006844424426
859	2580	0.1708670547095199
860	2581	0.32796510270286594
860	2582	0.020620265298769702
860	2583	0.19899383340731625
861	2584	0.7885465069950681
861	2585	0.08203041050031423
861	2586	0.5073642862248331
862	2587	0.29412786746791675
862	2588	0.04306788437669773
862	2589	0.5688523496916646
863	2590	0.5462048961032768
863	2591	0.8862248418920315
863	2592	0.8113311516420825
864	2593	0.9557343678541943
864	2594	0.3404266386346251
864	2595	0.955755744195375
865	2596	0.48115230513191654
865	2597	0.44382096140740623
865	2598	0.48836760394958745
866	2599	0.46890416889523556
866	2600	0.004403754647961833
866	2601	0.6762357218149986
867	2602	0.0892139431020551
867	2603	0.6390746039574229
867	2604	0.9266154988800182
868	2605	0.8954100209433804
868	2606	0.9062338928007532
868	2607	0.26975650572013654
869	2608	0.1331892583215316
869	2609	0.2372499260974913
869	2610	0.4745889011804749
870	2611	0.9474643247341907
870	2612	0.8351687277614963
870	2613	0.2779586949722468
871	2614	0.951704421299113
871	2615	0.009859013497411584
871	2616	0.20150677913956105
872	2617	0.20340732240075188
872	2618	0.2114789709461088
872	2619	0.7688045919211719
873	2620	0.8321868900092475
873	2621	0.27433116934696855
873	2622	0.7990706840520607
874	2623	0.7912321975828078
874	2624	0.9906463356066126
874	2625	0.22364826376338787
875	2626	0.44204258758309756
875	2627	0.43138254609813176
875	2628	0.6263158083509976
876	2629	0.3330869513778274
876	2630	0.8884597382810933
876	2631	0.7223710511188619
877	2632	0.6777908090677758
877	2633	0.435548505546687
877	2634	0.4248298874382286
878	2635	0.8076601317241456
878	2636	0.29974429011594506
878	2637	0.8259515767472614
879	2638	0.7340084638664152
879	2639	0.0314244780962909
879	2640	0.675665142050832
880	2641	0.465637327554453
880	2642	0.8175872140010405
880	2643	0.07725593350368065
881	2644	0.35272990625909506
881	2645	0.06499597379070021
881	2646	0.16431343056718006
882	2647	0.8378440692479012
882	2648	0.9094451824837655
882	2649	0.2244579817255703
883	2650	0.27919815669731163
883	2651	0.926114020790263
883	2652	0.49133320143857606
884	2653	0.3508252619215607
884	2654	0.3879162055193861
884	2655	0.7628478432127164
885	2656	0.7086214828419566
885	2657	0.5974613419494583
885	2658	0.7295945781092747
886	2659	0.9609991819095196
886	2660	0.5368959252307137
886	2661	0.7682565291284762
887	2662	0.3853883108745787
887	2663	0.39613752803568314
887	2664	0.30597941867777934
888	2665	0.3519790976046159
888	2666	0.043220393359050924
888	2667	0.08689148896515242
889	2668	0.14272388435442906
889	2669	0.7678612832589344
889	2670	0.08417666689710179
890	2671	0.9525196070000974
890	2672	0.8526931556926449
890	2673	0.40017111502156766
891	2674	0.5927818751778738
891	2675	0.4691880998508069
891	2676	0.18290523707532103
892	2677	0.5443006937332604
892	2678	0.9229705427664259
892	2679	0.6374389402660352
893	2680	0.9155002931730176
893	2681	0.11604487553549436
893	2682	0.4448043606854015
894	2683	0.3252404793510364
894	2684	0.8049258762318567
894	2685	0.5060554127756962
895	2686	0.40230229685249186
895	2687	0.7556679696591351
895	2688	0.19836416521909594
896	2689	0.11712224961080331
896	2690	0.8583794472647037
896	2691	0.2090884614054005
897	2692	0.3375824576513249
897	2693	0.3936338599942809
897	2694	0.7136473585099283
898	2695	0.6611321388527934
898	2696	0.32545478090597957
898	2697	0.21770815484147832
899	2698	0.11706280136738734
899	2699	0.2341029964933563
899	2700	0.134555081217262
900	2701	0.6984823818232584
900	2702	0.2789019041117822
900	2703	0.3536290192592224
901	2704	0.9901915120837859
901	2705	0.8429907604086018
901	2706	0.3608294246854582
902	2707	0.9842482263489165
902	2708	0.138081113252289
902	2709	0.05993257674554897
903	2710	0.1760395829150586
903	2711	0.4820295382794191
903	2712	0.90782664406842
904	2713	0.48120927915901257
904	2714	0.6885377679092359
904	2715	0.2183862902432816
905	2716	0.8985286470647198
905	2717	0.683252706565626
905	2718	0.9788703433039467
906	2719	0.3562406601521788
906	2720	0.9412262021339712
906	2721	0.096847427364807
907	2722	0.4669428480944071
907	2723	0.8447925401508476
907	2724	0.9050837336853395
908	2725	0.8986021083557065
908	2726	0.6698879510064533
908	2727	0.5107217124016357
909	2728	0.05494177200028194
909	2729	0.6594359748927578
909	2730	0.15699256915954507
910	2731	0.4334575033176007
910	2732	0.6295456900816525
910	2733	0.35400162831484394
911	2734	0.4013755426609147
911	2735	0.33188898384402754
911	2736	0.9286936859891433
912	2737	0.735784386745637
912	2738	0.1307641958782746
912	2739	0.0825495966375227
913	2740	0.5215108360227738
913	2741	0.7990653222784703
913	2742	0.6156324373016604
914	2743	0.27230169535452875
914	2744	0.6352412031653101
914	2745	0.4687973102602401
915	2746	0.8259118725737737
915	2747	0.4678493295960937
915	2748	0.34036954846953993
916	2749	0.7061490273476175
916	2750	0.1124080871671227
916	2751	0.01834570796034196
917	2752	0.8593454162168934
917	2753	0.5141208279088034
917	2754	0.16712920000204434
918	2755	0.08725752203523551
918	2756	0.8857578848502623
918	2757	0.2101090920584312
919	2758	0.7232017560210608
919	2759	0.8261192050847443
919	2760	0.8446304387424792
920	2761	0.7573354674812225
920	2762	0.4051763110900328
920	2763	0.741243772115991
921	2764	0.168383499443013
921	2765	0.46377004963179713
921	2766	0.8263306039114364
922	2767	0.81771490190064
922	2768	0.7961852904518665
922	2769	0.5489635357044538
923	2770	0.753802573590665
923	2771	0.6594176819587141
923	2772	0.3112183772412904
924	2773	0.874796183934353
924	2774	0.5674892079850287
924	2775	0.9983928451311339
925	2776	0.07337318522983793
925	2777	0.38160021326456484
925	2778	0.42721809290646284
926	2779	0.9414656404185369
926	2780	0.7386239209425325
926	2781	0.8647944560552352
927	2782	0.8018620816956963
927	2783	0.4438228635010466
927	2784	0.3758776696831019
928	2785	0.5027499136657223
928	2786	0.19002843800655456
928	2787	0.9066947262372014
929	2788	0.193987572252875
929	2789	0.21732163355417744
929	2790	0.251260135805067
930	2791	0.3692248404762756
930	2792	0.47117746073832567
930	2793	0.17822796969755217
931	2794	0.8895493542370445
931	2795	0.09993858667271827
931	2796	0.3114730639285783
932	2797	0.8230488692180573
932	2798	0.6802284756256896
932	2799	0.5954499197956125
933	2800	0.6466363378845279
933	2801	0.6583231090514166
933	2802	0.4120074156066935
934	2803	0.04631117153669351
934	2804	0.6855490775159194
934	2805	0.7397462477681152
935	2806	0.2317575797689866
935	2807	0.3261354231842628
935	2808	0.7948014705755839
936	2809	0.3551506648450662
936	2810	0.2314559706679602
936	2811	0.9335186831621303
937	2812	0.6412161716176787
937	2813	0.36081757984833907
937	2814	0.5653419921909615
938	2815	0.6980799758148084
938	2816	0.7220926847904114
938	2817	0.9964378521354638
939	2818	0.6787817237169351
939	2819	0.7557070400689625
939	2820	0.19949255574423574
940	2821	0.3249197397270249
940	2822	0.7340412312184803
940	2823	0.21553527096984215
941	2824	0.9576672452025259
941	2825	0.008488638482383237
941	2826	0.9901020167465142
942	2827	0.3417923390712987
942	2828	0.10544816324006412
942	2829	0.15753393300264218
943	2830	0.09918176123318745
943	2831	0.4086291946793449
943	2832	0.4993745309436779
944	2833	0.9270687306131458
944	2834	0.20575007484037222
944	2835	0.6347224707037906
945	2836	0.6412132852175965
945	2837	0.04130503817410758
945	2838	0.9127972082188909
946	2839	0.5390647802866122
946	2840	0.9481142976193166
946	2841	0.16613455401269528
947	2842	0.9249281811111005
947	2843	0.9833462425222139
947	2844	0.5642568872704583
948	2845	0.9773932569048998
948	2846	0.9176920629337069
948	2847	0.28968234257128067
949	2848	0.020923703115708236
949	2849	0.23710959670278298
949	2850	0.5909083503750749
950	2851	0.3651999049588748
950	2852	0.9084275797154691
950	2853	0.3891197935674149
951	2854	0.5897238742109391
951	2855	0.7850199055564797
951	2856	0.3026917665944051
952	2857	0.42836690896246377
952	2858	0.4385305135164198
952	2859	0.8278865136875067
953	2860	0.5801894135730816
953	2861	0.5113419571868207
953	2862	0.7051567029055001
954	2863	0.814620177407555
954	2864	0.35959537434858735
954	2865	0.0950272149072422
955	2866	0.5029541166852685
955	2867	0.019732006513081046
955	2868	0.19587640245912574
956	2869	0.02216763289224699
956	2870	0.5793439432366214
956	2871	0.7670135833726746
957	2872	0.02240373097804571
957	2873	0.3380037176286441
957	2874	0.6399997572058114
958	2875	0.9812310426818514
958	2876	0.2587590110033382
958	2877	0.2968596303102471
959	2878	0.48289323292684716
959	2879	0.6670741215949154
959	2880	0.15902633627207674
960	2881	0.6488376123248638
960	2882	0.4161275839301273
960	2883	0.42065328846273875
961	2884	0.3299002291083396
961	2885	0.3576846390174149
961	2886	0.24418799880165976
962	2887	0.12350929607087491
962	2888	0.2702996286399446
962	2889	0.16508753826678912
963	2890	0.48661779572758146
963	2891	0.5237361869021331
963	2892	0.5369873865829815
964	2893	0.510262664190154
964	2894	0.21097593375615742
964	2895	0.5787013922934752
965	2896	0.1752039319076848
965	2897	0.37636085783627804
965	2898	0.9894871904241525
966	2899	0.12744465404173355
966	2900	0.8007179749657747
966	2901	0.19757162613932877
967	2902	0.5552925975034864
967	2903	0.47070561022223645
967	2904	0.005690172777212066
968	2905	0.0209117159735126
968	2906	0.6420260701724114
968	2907	0.34842203232971425
969	2908	0.2424815298612062
969	2909	0.5857651081733994
969	2910	0.03477542866603356
970	2911	0.8314945794744286
970	2912	0.54280237924036
970	2913	0.5425024346623708
971	2914	0.45045521036102476
971	2915	0.22124601705620872
971	2916	0.2941274945035346
972	2917	0.5861259595773463
972	2918	0.10521538576305733
972	2919	0.09501664463267367
973	2920	0.6539404883655517
973	2921	0.16418838540456626
973	2922	0.2346528754278543
974	2923	0.7642376675371602
974	2924	0.6547504960772126
974	2925	0.11038675721215352
975	2926	0.5039706961415069
975	2927	0.2284281279243756
975	2928	0.07268462259987718
976	2929	0.3323784692315799
976	2930	0.636563602321971
976	2931	0.7123223490130521
977	2932	0.5001035350690485
977	2933	0.15380698600085907
977	2934	0.28771167844519496
978	2935	0.5014894285542005
978	2936	0.9331587267234331
978	2937	0.1929336634614267
979	2938	0.030819062782216355
979	2939	0.7147711556068712
979	2940	0.9000203627796459
980	2941	0.2866999510539947
980	2942	0.15717152398835754
980	2943	0.28808083010440777
981	2944	0.7570004721342327
981	2945	0.2860887119529285
981	2946	0.9366839918348338
982	2947	0.5685974907331178
982	2948	0.3367503345823275
982	2949	0.5354837666007652
983	2950	0.27441009859695076
983	2951	0.5037875986318521
983	2952	0.39466003927058146
984	2953	0.7433059791834755
984	2954	0.8215841988510599
984	2955	0.06720503809910472
985	2956	0.6728209675931195
985	2957	0.8062472880771219
985	2958	0.16702413734053057
986	2959	0.38575071976329867
986	2960	0.9508039239979631
986	2961	0.18194878258005165
987	2962	0.688137720459576
987	2963	0.01776828463837621
987	2964	0.7551090306078319
988	2965	0.4403954915881304
988	2966	0.5315758379711033
988	2967	0.9068411609085869
989	2968	0.9316941076812197
989	2969	0.9455733964492807
989	2970	0.2842635459425953
990	2971	0.23016057158503955
990	2972	0.2655230626285481
990	2973	0.9651096592041601
991	2974	0.39228534867055376
991	2975	0.9327283397159154
991	2976	0.2150894639747647
992	2977	0.7031413791136025
992	2978	0.07100082039026034
992	2979	0.5680820596441531
993	2980	0.07773586843106317
993	2981	0.973045605528017
993	2982	0.9376093611559044
994	2983	0.18470719360012922
994	2984	0.9937627227033214
994	2985	0.8684840600898376
995	2986	0.1358565863977148
995	2987	0.1315512128506766
995	2988	0.11479061742087815
996	2989	0.3926388260283006
996	2990	0.6940971416183106
996	2991	0.4024732034461205
997	2992	0.7505482115204751
997	2993	0.6233873058183192
997	2994	0.5143943753447395
998	2995	0.5598376327938779
998	2996	0.37115686495777034
998	2997	0.9658214599198249
999	2998	0.2561518761516943
999	2999	0.7857203609935319
