#parent	child	edge_length
0	1	0.6502077154360865
0	2	0.15962212411710597
0	3	0.8190875623827861
1	4	0.7738727592243986
1	5	0.18913358202267683
1	6	0.5407133824199455
2	7	0.6654034866752676
2	8	0.5878975050430824
2	9	0.1697846577987483
3	10	0.3648790998695508
3	11	0.49653106567314653
3	12	0.6207055892214552
4	13	0.15216564639299374
4	14	0.5038075991708565
4	15	0.3408247641140382
5	16	0.8336086746576273
5	17	0.8136090808069044
5	18	0.3691460712268969
6	19	0.286983931631525
6	20	0.6638223768008943
6	21	0.10433487934686525
7	22	0.06650206248146762
7	23	0.2506839077953067
7	24	0.20487799727207512
8	25	0.4445398398672349
8	26	0.8532944408571006
8	27	0.49769868892529967
9	28	0.9560563498984178
9	29	0.2631664515168233
9	30	0.7994799503566186
10	31	0.15660745273599952
10	32	0.648062188864313
10	33	0.09899092167423107
11	34	0.7280569715452596
11	35	0.22977211223960792
11	36	0.16238433639519734
12	37	0.5972224563507524
12	38	0.8444882543899914
12	39	0.19889346438465383
13	40	0.5593494551817273
13	41	0.49185452309184896
13	42	0.22435467289454158
14	43	0.5544333452690752
14	44	0.011128790789909138
14	45	0.5640095316886322
15	46	0.3826337388478853
15	47	0.3729038778395244
15	48	0.4529801886847695
16	49	0.16242747054209206
16	50	0.5479732912773805
16	51	0.1071708142109371
17	52	0.0247925774422455
17	53	0.9139671937497855
17	54	0.9771495026244037
18	55	0.5150167384060205
18	56	0.30675433520521933
18	57	0.19934081858360075
19	58	0.8348848813946834
19	59	0.054778722002233105
19	60	0.8520755716087889
20	61	0.7518195086581034
20	62	0.6962624156411055
20	63	0.6379508270892376
21	64	0.30157152000805465
21	65	0.060667971261059606
21	66	0.5402961683396139
22	67	0.7629965773723493
22	68	0.23299380594588248
22	69	0.22763275809104622
23	70	0.6041444372170275
23	71	0.1466799712898681
23	72	0.8441815921736728
24	73	0.4623026963384591
24	74	0.6128847584634542
24	75	0.7341183046350694
25	76	0.9856706113473048
25	77	0.39709534245536204
25	78	0.18513863330992297
26	79	0.18040905788750394
26	80	0.9631667078391688
26	81	0.8647489484302466
27	82	0.47738478090910386
27	83	0.300595914321103
27	84	0.8936346633349992
28	85	0.4078596976967723
28	86	0.7804701429094527
28	87	0.14716288181677029
29	88	0.12128971767407881
29	89	0.012827577913373966
29	90	0.8887972673183697
30	91	0.5462190245386149
30	92	0.7137783736417576
30	93	0.708915352681291
31	94	0.12124112429927059
31	95	0.9009436383429803
31	96	0.9593860123222779
32	97	0.7003396359513321
32	98	0.40342619220651743
32	99	0.1825734352653816
33	100	0.043214669346633094
33	101	0.8656234578046684
33	102	0.7691529794702587
34	103	0.9885109676321739
34	104	0.6769369709377127
34	105	0.49008922272666133
35	106	0.23219834111852689
35	107	0.5301668248564722
35	108	0.8106872216786869
36	109	0.5736875392995686
36	110	0.027435821516753722
36	111	0.9539417508906887
37	112	0.2900660256009979
37	113	0.02617347838674755
37	114	0.022303869401654186
38	115	0.8335509839899697
38	116	0.07085054708203575
38	117	0.3397013102958546
39	118	0.3762291881532558
39	119	0.8083426184536857
39	120	0.28394931191512107
40	121	0.12763404805863454
40	122	0.9187528024515532
40	123	0.30857270234168377
41	124	0.901486273496988
41	125	0.2802117395118404
41	126	0.3810220907209565
42	127	0.33768170781274576
42	128	0.47633707533411673
42	129	0.7090788179497117
43	130	0.02291686600041698
43	131	0.8721693881380108
43	132	0.6811974847564877
44	133	0.12690667322716787
44	134	0.08641052196368748
44	135	0.7734845147087778
45	136	0.6994567599109487
45	137	0.07960166289614468
45	138	0.024242265107956795
46	139	0.6494278563170897
46	140	0.6089734932695685
46	141	0.8041413481880066
47	142	0.05321670712480375
47	143	0.5539325108180486
47	144	0.17919364781741232
48	145	0.6344928460181296
48	146	0.30666805066773195
48	147	0.9472547458204958
49	148	0.6241241455181321
49	149	0.5053266762777715
49	150	0.7357282462692922
50	151	0.4213007525398722
50	152	0.3910579696694114
50	153	0.6704015541419399
51	154	0.06066100411227349
51	155	0.8511319243815876
51	156	0.684859044949963
52	157	0.9952438811790869
52	158	0.3401082333557932
52	159	0.47889486038829165
53	160	0.5921753632654094
53	161	0.49081239525760356
53	162	0.5695736343599611
54	163	0.3371766562746543
54	164	0.017721982899357558
54	165	0.7815151669831761
55	166	0.5291100047663295
55	167	0.434720047571479
55	168	0.6658730283249599
56	169	0.3938281948171931
56	170	0.5227967073026474
56	171	0.5859585704956676
57	172	0.29491046213557626
57	173	0.6898315761847664
57	174	0.24298370356318943
58	175	0.17042542112341064
58	176	0.49768928049986605
58	177	0.39478065961673336
59	178	0.008019484744857364
59	179	0.5968637080836985
59	180	0.4910926891367067
60	181	0.9651826117123845
60	182	0.5069162781530729
60	183	0.7875342909889835
61	184	0.4513055946701203
61	185	0.6790581151160615
61	186	0.45980316133447374
62	187	0.14054834234628588
62	188	0.25148628855055777
62	189	0.061218451450200995
63	190	0.912718600466937
63	191	0.45505905121972456
63	192	0.6756864095181254
64	193	0.5541736558098584
64	194	0.7968818612014024
64	195	0.11873141290038847
65	196	0.9674598001208103
65	197	0.7199354471547794
65	198	0.4999915296924571
66	199	0.14257276480614167
66	200	0.35028136401896526
66	201	0.20295752439307035
67	202	0.8954576797950389
67	203	0.505232863342987
67	204	0.6483671179029717
68	205	0.12881129282103765
68	206	0.3331135388234505
68	207	0.9864030898362401
69	208	0.19754499828428296
69	209	0.8635341327376236
69	210	0.9713415098066729
70	211	0.48993425514210454
70	212	0.2671398469383628
70	213	0.2529799816171425
71	214	0.022258279699438388
71	215	0.21953333379772877
71	216	0.29615535825576633
72	217	0.8724124566928881
72	218	0.8772772978938441
72	219	0.516865927372498
73	220	0.382897016821403
73	221	0.412563196048501
73	222	0.28072709267616247
74	223	0.7897362743817288
74	224	0.07682487009075212
74	225	0.24803238195959754
75	226	0.05746255540016654
75	227	0.598629166256184
75	228	0.07746237620678276
76	229	0.5647876779269556
76	230	0.5114350120181226
76	231	0.11166378504329177
77	232	0.26084323367949924
77	233	0.04638818072479811
77	234	0.7996411148768887
78	235	0.704468782733918
78	236	0.357094189847567
78	237	0.22234372449512296
79	238	0.1938505459576505
79	239	0.5565594682729847
79	240	0.9509569464827017
80	241	0.909643279715608
80	242	0.648627174268297
80	243	0.33139826016928353
81	244	0.13553409374738867
81	245	0.8605813170123828
81	246	0.2610198503098502
82	247	0.4700214629175441
82	248	0.2781181340677574
82	249	0.28183909342799307
83	250	0.07749730478797834
83	251	0.6067934351873678
83	252	0.9795614093399754
84	253	0.12162319768141505
84	254	0.9385077685627876
84	255	0.946293365369534
85	256	0.9781676171149236
85	257	0.5386087654298723
85	258	0.6232456897661285
86	259	0.32581438048859845
86	260	0.5424493627509539
86	261	0.7320062921233923
87	262	0.6488022996926093
87	263	0.25808362311191413
87	264	0.7962052116829375
88	265	0.9018569650825037
88	266	0.5357757677622323
88	267	0.7042560761833581
89	268	0.3229959380520353
89	269	0.47132265586504785
89	270	0.013798703550427227
90	271	0.7968303408327284
90	272	0.9747235189950572
90	273	0.7079384713754044
91	274	0.3397813759076569
91	275	0.36253871618871103
91	276	0.2678656265640438
92	277	0.2408293868119098
92	278	0.8472540249638953
92	279	0.8554572958244968
93	280	0.6730516352748439
93	281	0.4631611048966304
93	282	0.5214344797467825
94	283	0.16243491854714542
94	284	0.08755507964842901
94	285	0.9705103294862434
95	286	0.6640440615106837
95	287	0.07226100898822141
95	288	0.6223291864357448
96	289	0.046052685382372394
96	290	0.013400874576566135
96	291	0.9920240538305012
97	292	0.0312742583246689
97	293	0.3501418574912133
97	294	0.8996233617122393
98	295	0.8405946956286221
98	296	0.8032163068885252
98	297	0.017488476426915867
99	298	0.09725199976537469
99	299	0.16620141345516082
99	300	0.817678930436788
100	301	0.8696119641321638
100	302	0.07777403560715035
100	303	0.862294743835712
101	304	0.8070615161811052
101	305	0.9596467450013608
101	306	0.8895187417047454
102	307	0.9954539306843597
102	308	0.6039164379221917
102	309	0.40624125106994224
103	310	0.7994880485761666
103	311	0.7884123516287636
103	312	0.920594541730841
104	313	0.840063669901798
104	314	0.7428764548239029
104	315	0.6386851747153606
105	316	0.9818513119202505
105	317	0.11464823955609926
105	318	0.4763892080300298
106	319	0.8219243730119454
106	320	0.5025382105656231
106	321	0.21049351263562066
107	322	0.3158498690084469
107	323	0.37591013801972784
107	324	0.6724898508123607
108	325	0.22361295835655848
108	326	0.03224460979131738
108	327	0.6264841510314425
109	328	0.5253331729455204
109	329	0.5066439180647033
109	330	0.8447151790476393
110	331	0.5937738128766853
110	332	0.0529670431460878
110	333	0.15078399999358627
111	334	0.18752227258541632
111	335	0.5331498160403192
111	336	0.9289977114207852
112	337	0.7605956258352407
112	338	0.6644164095041334
112	339	0.5400059208449468
113	340	0.6468214962543031
113	341	0.24715099159335496
113	342	0.7328211458892824
114	343	0.2340846706950077
114	344	0.33769615860122215
114	345	0.5090229821771777
115	346	0.03307425937643638
115	347	0.7253399978336419
115	348	0.9603111211357604
116	349	0.3538236368267689
116	350	0.8437158763886159
116	351	0.24796487698340108
117	352	0.8153416667475271
117	353	0.45228309915312614
117	354	0.11249330790551504
118	355	0.472962551153983
118	356	0.042051479822737825
118	357	0.08252869534494423
119	358	0.9532714854812849
119	359	0.5421228742027826
119	360	0.5806829675292402
120	361	0.6785117262457503
120	362	0.336349018375238
120	363	0.03334515477420874
121	364	0.2881280777026638
121	365	0.35777592310235384
121	366	0.8375816683165
122	367	0.4346318409105264
122	368	0.1603194524574415
122	369	0.9468475862045863
123	370	0.30786455186578354
123	371	0.2780151317896994
123	372	0.46077001520765926
124	373	0.2198216636607857
124	374	0.7618625125894134
124	375	0.5724501410594174
125	376	0.5735007220354035
125	377	0.7656905159458383
125	378	0.36409135326551545
126	379	0.9541298468918336
126	380	0.3407735405896444
126	381	0.7642232218770244
127	382	0.7617394783276421
127	383	0.3288109613828576
127	384	0.8279312993539876
128	385	0.16039354946572582
128	386	0.884218397040246
128	387	0.20765515545168678
129	388	0.4918760995604037
129	389	0.9579689079531413
129	390	0.7088536714927318
130	391	0.44009707979418156
130	392	0.475936049847284
130	393	0.7430393784075744
131	394	0.6147835821530938
131	395	0.6081326511523337
131	396	0.6034713598676196
132	397	0.969835290279081
132	398	0.2697279262915111
132	399	0.5873575771928898
133	400	0.4800858158215171
133	401	0.901728771452375
133	402	0.5186948395192406
134	403	0.5695980651205239
134	404	0.9756135565299708
134	405	0.19408663469212417
135	406	0.6099099637892326
135	407	0.13370656129824443
135	408	0.281779769840822
136	409	0.3754654546482372
136	410	0.5405389158328555
136	411	0.6858317350544272
137	412	0.3251708685679996
137	413	0.26484513064097437
137	414	0.5329995563770311
138	415	0.5182046089563526
138	416	0.6470964444707794
138	417	0.43787602156609284
139	418	0.04620702441298463
139	419	0.5900370305523976
139	420	0.47603936146331627
140	421	0.7856025152954319
140	422	0.17756747957843855
140	423	0.37606293190131135
141	424	0.03571180933518381
141	425	0.13994149357889407
141	426	0.5880724707311664
142	427	0.6818603775356693
142	428	0.7618769543176078
142	429	0.7078723018060886
143	430	0.8646823429891315
143	431	0.2683908556847301
143	432	0.6024091040005062
144	433	0.9050926921226138
144	434	0.03872904866099791
144	435	0.8819149573267353
145	436	0.6389350573397365
145	437	0.6338387962065828
145	438	0.9258786102466074
146	439	0.8269644554869022
146	440	0.1749107621491257
146	441	0.36880118761351
147	442	0.5777702187446266
147	443	0.7375681909212786
147	444	0.2767151308843432
148	445	0.6508781550410854
148	446	0.4354558652953746
148	447	0.35871269260756744
149	448	0.8754166873889577
149	449	0.8054015553483107
149	450	0.32004154330253387
150	451	0.3515341872771779
150	452	0.8285862204664847
150	453	0.03701203282767951
151	454	0.322186172870349
151	455	0.0490853819775765
151	456	0.717394428940521
152	457	0.2629037858119905
152	458	0.7377663065001747
152	459	0.036500550164421774
153	460	0.22056262164372586
153	461	0.28177905709530826
153	462	0.472902771288922
154	463	0.8978276410189976
154	464	0.3664473524295726
154	465	0.7970086944681967
155	466	0.38852868150671704
155	467	0.5353571962081771
155	468	0.12318530351197143
156	469	0.08147271064725725
156	470	0.1559803280211982
156	471	0.42550288790882806
157	472	0.8475176688322441
157	473	0.48933652643142755
157	474	0.10139275428882843
158	475	0.8642009395328714
158	476	0.8274611842045925
158	477	0.7192529935448881
159	478	0.4874032666376269
159	479	0.6143759306711611
159	480	0.8301493200174981
160	481	0.5513387578594822
160	482	0.181541418051002
160	483	0.6900051542371908
161	484	0.21296895914111047
161	485	0.6237876967143894
161	486	0.12020667225096648
162	487	0.9502253104827068
162	488	0.16996337231404524
162	489	0.7353573473079669
163	490	0.16493307965370452
163	491	0.43910700182239726
163	492	0.9731386912084332
164	493	0.8884141886941372
164	494	0.6346566962356532
164	495	0.6496617971875538
165	496	0.8349860753912677
165	497	0.7526362512924436
165	498	0.0069243921198438585
166	499	0.012123560250298926
166	500	0.33330068804492097
166	501	0.19992036519445278
167	502	0.23322864016755285
167	503	0.5932728989364376
167	504	0.06391519647243582
168	505	0.4257250209273935
168	506	0.12790944583114428
168	507	0.6141909121452875
169	508	0.8012703918943049
169	509	0.37892963109567535
169	510	0.6240094626732133
170	511	0.8841916650646744
170	512	0.6922440490465416
170	513	0.8018264883335191
171	514	0.9233640323276529
171	515	0.6256925845412664
171	516	0.8226918681822415
172	517	0.06479446810369693
172	518	0.1300569143997916
172	519	0.6976684657090162
173	520	0.6951408126765557
173	521	0.9131817081609581
173	522	0.875919364983933
174	523	0.49783920809464455
174	524	0.7188052439387715
174	525	0.48738496333337045
175	526	0.017049299853896915
175	527	0.959847429980661
175	528	0.6865650551545095
176	529	0.8464686387105278
176	530	0.4550247904480673
176	531	0.8088129802111483
177	532	0.5516835590912987
177	533	0.7350727289509993
177	534	0.3539385087566682
178	535	0.9117364828247301
178	536	0.3593161400546707
178	537	0.34111689104118303
179	538	0.08522262723463747
179	539	0.4704727284608696
179	540	0.1363320691462211
180	541	0.2929309075767135
180	542	0.324383196663784
180	543	0.5981167056814813
181	544	0.2994337927464483
181	545	0.6953079565457685
181	546	0.6160263763157987
182	547	0.25112133930140335
182	548	0.5262518284358837
182	549	0.4909873552635178
183	550	0.4793820031323327
183	551	0.0671235281985696
183	552	0.3888516622793561
184	553	0.12499219635329784
184	554	0.163050530586907
184	555	0.15759916524057083
185	556	0.6688008922024766
185	557	0.22959134827578498
185	558	0.7152937086736015
186	559	0.8241366232754368
186	560	0.12351279461192632
186	561	0.6464813568418926
187	562	0.877315143193488
187	563	0.7255405749548551
187	564	0.09753652809084068
188	565	0.30538718394492825
188	566	0.8863173103369066
188	567	0.5760650356292065
189	568	0.17808724757370853
189	569	0.22335698808110116
189	570	0.04098217271975857
190	571	0.969514296650423
190	572	0.9702398444169242
190	573	0.024061676315378477
191	574	0.993301952122049
191	575	0.37978993153899143
191	576	0.7481510536849569
192	577	0.14749594135416189
192	578	0.6491964240608838
192	579	0.9408139279408392
193	580	0.9508322928445168
193	581	0.21783890251396576
193	582	0.5061041311340744
194	583	0.13682150545292315
194	584	0.6173964003789877
194	585	0.4076850917393724
195	586	0.48276306139826586
195	587	0.8125287508965648
195	588	0.47365292825979655
196	589	0.6976071254898755
196	590	0.10493676233679305
196	591	0.8495758117746162
197	592	0.3693647319065212
197	593	0.7941914141540096
197	594	0.2800347447569578
198	595	0.8760535236133549
198	596	0.42848097093722526
198	597	0.6426728928991841
199	598	0.9086612988966549
199	599	0.01508676781433227
199	600	0.15537375757871086
200	601	0.6499025708863003
200	602	0.28009209512140565
200	603	0.03505598036896718
201	604	0.44496655068740576
201	605	0.471604367841711
201	606	0.7848410712831528
202	607	0.9612036667633895
202	608	0.02277505087224929
202	609	0.9326668582991742
203	610	0.4392759321781885
203	611	0.9518532018612973
203	612	0.12205516138475403
204	613	0.9023390433893552
204	614	0.6188721638670058
204	615	0.11034782576405089
205	616	0.9353097473368102
205	617	0.4917718232266677
205	618	0.7199188020485505
206	619	0.3563726819241635
206	620	0.05469872987080748
206	621	0.5830173547674011
207	622	0.1911721620974739
207	623	0.6634075542276161
207	624	0.2986875319580271
208	625	0.8037474383084078
208	626	0.6923783774428449
208	627	0.7509040731376477
209	628	0.32874745580849896
209	629	0.4484719564471096
209	630	0.05172687630209438
210	631	0.3812888898047093
210	632	0.4812000603445673
210	633	0.32209912032669763
211	634	0.6279457204016125
211	635	0.8996769498404955
211	636	0.3247963394230897
212	637	0.8276091107548949
212	638	0.013272634736551159
212	639	0.2832371584163562
213	640	0.018089451774104592
213	641	0.7798644117806877
213	642	0.883906304221977
214	643	0.8581398343247848
214	644	0.18927012410650557
214	645	0.9974143540403921
215	646	0.5478412738601324
215	647	0.7518534575088096
215	648	0.9806590011946965
216	649	0.13939225057832016
216	650	0.20549237821942645
216	651	0.5005547132432229
217	652	0.8977923443480074
217	653	0.8242811111176191
217	654	0.4668128054490355
218	655	0.5377398440789749
218	656	0.1355616127619106
218	657	0.08933766444088986
219	658	0.4000103378035401
219	659	0.5922833650379778
219	660	0.4525205045829157
220	661	0.9839897963661706
220	662	0.730520142665501
220	663	0.23786911159488122
221	664	0.4484894512965849
221	665	0.9705449503123074
221	666	0.22822590891922
222	667	0.7291771949222088
222	668	0.8570066636118496
222	669	0.8867182827523723
223	670	0.38093606654296075
223	671	0.3833956377788488
223	672	0.5117962564147769
224	673	0.006950272984982964
224	674	0.9304825042877765
224	675	0.28111010484189247
225	676	0.5624198744467117
225	677	0.36302158535981155
225	678	0.5178202253151021
226	679	0.0867354699543943
226	680	0.4776258649457835
226	681	0.281091135811554
227	682	0.6165096406292783
227	683	0.7525538201451618
227	684	0.2648071481568639
228	685	0.3362866149963405
228	686	0.2552106018246958
228	687	0.24749282339766676
229	688	0.291199467005848
229	689	0.06311419174239452
229	690	0.6557447642239578
230	691	0.3530078532241766
230	692	0.757061283792372
230	693	0.3983574652200339
231	694	0.1615208776068442
231	695	0.014946632025355067
231	696	0.6460207581376123
232	697	0.805609488445854
232	698	0.7385923309828506
232	699	0.3778559474996741
233	700	0.7493636441757381
233	701	0.7891807793493903
233	702	0.09165555432932271
234	703	0.5269578482369672
234	704	0.042988166719125864
234	705	0.7444943945987417
235	706	0.773724837524635
235	707	0.15227653393601548
235	708	0.27171654395161626
236	709	0.6801023627819349
236	710	0.9486802209854428
236	711	0.016334613005169807
237	712	0.01955919252802507
237	713	0.47538816193809197
237	714	0.4538431295491421
238	715	0.04432293903509921
238	716	0.5487431584560634
238	717	0.9664576123871953
239	718	0.2272198816964589
239	719	0.510182981590924
239	720	0.7533272218329792
240	721	0.35573729219843164
240	722	0.7468819888105118
240	723	0.2269033277036634
241	724	0.5344523841744913
241	725	0.3810133456877819
241	726	0.7879659972998887
242	727	0.9389863631546356
242	728	0.630280557849531
242	729	0.294014893079269
243	730	0.28659244742654044
243	731	0.4722129810399087
243	732	0.9886532047349958
244	733	0.5588198703047743
244	734	0.9370487211524294
244	735	0.29654715805548193
245	736	0.18247653663123875
245	737	0.49736927248357254
245	738	0.038730603512347805
246	739	0.5547093742301701
246	740	0.8357566805433438
246	741	0.9334555758219243
247	742	0.43751041548312375
247	743	0.31109568127873644
247	744	0.6043331671057599
248	745	0.18658739212420095
248	746	0.8546121583603963
248	747	0.36764459318975806
249	748	0.058250864147169956
249	749	0.37746888441725357
249	750	0.5452174162440557
250	751	0.25841742049234284
250	752	0.6858199384282468
250	753	0.7906574981375867
251	754	0.674943858195876
251	755	0.29245577369375964
251	756	0.484431361937236
252	757	0.9748049634726907
252	758	0.6691520990995157
252	759	0.3014830647965585
253	760	0.807134341093511
253	761	0.3011415024076687
253	762	0.5816785712055514
254	763	0.017101885740534617
254	764	0.02139548607005537
254	765	0.27282418504868167
255	766	0.8219832431319403
255	767	0.10516494689359046
255	768	0.007099949832424013
256	769	0.3669920360954696
256	770	0.7887483779812117
256	771	0.2351044030905891
257	772	0.5754923689089209
257	773	0.5003447572787385
257	774	0.06782116153994044
258	775	0.2865235823113108
258	776	0.06390862360701721
258	777	0.9916072936931544
259	778	0.19451873451695856
259	779	0.8105817065154248
259	780	0.15365563482225308
260	781	0.6572198941011074
260	782	0.7049787178574447
260	783	0.78789044967202
261	784	0.7826804909779859
261	785	0.595845554362123
261	786	0.44662716718135265
262	787	0.4028410317021872
262	788	0.3486618300134152
262	789	0.434747823445071
263	790	0.7370472094419214
263	791	0.36692903214086225
263	792	0.12154244174949547
264	793	0.7774832814960622
264	794	0.7863378140318735
264	795	0.5395213905406195
265	796	0.9719950415755736
265	797	0.2447862880136895
265	798	0.045653020130719035
266	799	0.1850464625200713
266	800	0.5504999075391597
266	801	0.6908714383706656
267	802	0.17157270357089238
267	803	0.2624226703983572
267	804	0.5319013299516611
268	805	0.8890298700348072
268	806	0.33863740331133085
268	807	0.788246752408599
269	808	0.7901238773071992
269	809	0.5274198283804856
269	810	0.5436039633955763
270	811	0.24727293425553776
270	812	0.6595680348174909
270	813	0.6903968582518707
271	814	0.370658136150656
271	815	0.2731689056301304
271	816	0.7069689333929952
272	817	0.9290322930013588
272	818	0.02455005893181106
272	819	0.9157993343346074
273	820	0.9204574884300225
273	821	0.1549966276018444
273	822	0.13799001187396476
274	823	0.19337330168667344
274	824	0.4976250095417494
274	825	0.7453028750526025
275	826	0.328895747320995
275	827	0.9346449936037207
275	828	0.6789002700749753
276	829	0.7645340320076335
276	830	0.7534024715542964
276	831	0.3392343637169728
277	832	0.8766826367225788
277	833	0.052118177657933584
277	834	0.26271841247894834
278	835	0.8826085836478275
278	836	0.22819731778878127
278	837	0.11878675102597303
279	838	0.8731343705026875
279	839	0.19011620387039851
279	840	0.1006553974995068
280	841	0.9048223062860092
280	842	0.9489515196954779
280	843	0.6972354490873243
281	844	0.3612438140175984
281	845	0.916117014974192
281	846	0.8544853863903352
282	847	0.7999484206194769
282	848	0.9967415916938656
282	849	0.9352491300394536
283	850	0.8161157676142867
283	851	0.5180861204838201
283	852	0.5273189138210661
284	853	0.904577587419185
284	854	0.7567177157814702
284	855	0.5603605123687037
285	856	0.07190347241286066
285	857	0.996922443467652
285	858	0.7323740094905951
286	859	0.9037496386894768
286	860	0.36659510047990285
286	861	0.40076826963101464
287	862	0.5282822019978362
287	863	0.850148471167071
287	864	0.5817370630868308
288	865	0.6758075261182637
288	866	0.47372863582244173
288	867	0.6237590093100169
289	868	0.7440217061725987
289	869	0.37564514831216744
289	870	0.34056449780340214
290	871	0.4445868545287428
290	872	0.787467659704904
290	873	0.8750068380726197
291	874	0.7262052312573564
291	875	0.4330011089995569
291	876	0.8918367202665336
292	877	0.6008851161146856
292	878	0.26357079397222805
292	879	0.9424807233868613
293	880	0.43806441412152863
293	881	0.7297919611476624
293	882	0.284337677456727
294	883	0.47238711113425036
294	884	0.3100085232952696
294	885	0.997708356524662
295	886	0.29172450238057035
295	887	0.3948497802769033
295	888	0.21352213511144225
296	889	0.20698643740322353
296	890	0.16393868327365357
296	891	0.491722763350261
297	892	0.8609471217144917
297	893	0.48362512087794185
297	894	0.45256781450969097
298	895	0.6024059908768482
298	896	0.9551191352556838
298	897	0.6199244652999996
299	898	0.9049765455850205
299	899	0.4576889493874772
299	900	0.963199598227563
300	901	0.17268501444633966
300	902	0.5008340394247761
300	903	0.20533784426023338
301	904	0.1544659459201354
301	905	0.13930241959684508
301	906	0.7845114883816429
302	907	0.43842532638531706
302	908	0.25830150584557776
302	909	0.18474646753409862
303	910	0.7686941660033044
303	911	0.4285864593047708
303	912	0.5301797700062925
304	913	0.06278196815064518
304	914	0.29847696256445255
304	915	0.5439619822115271
305	916	0.10327900537613155
305	917	0.4450551744452982
305	918	0.48864275925222955
306	919	0.691508418480536
306	920	0.4746941428041933
306	921	0.1294608776553301
307	922	0.48421201678678294
307	923	0.2435368334901018
307	924	0.1234005152570834
308	925	0.8718916089747499
308	926	0.5185438644718825
308	927	0.986186941089561
309	928	0.6286330731643899
309	929	0.22685378362565523
309	930	0.8659041189371366
310	931	0.8717714115735793
310	932	0.9418774611019769
310	933	0.5911230782222114
311	934	0.06441623424736154
311	935	0.7148148323791359
311	936	0.1323820021478319
312	937	0.9270773780641459
312	938	0.4352598832607697
312	939	0.6832771928822892
313	940	0.9565934404223098
313	941	0.4460937157584608
313	942	0.6349513292342785
314	943	0.65096225836355
314	944	0.9245522556297701
314	945	0.1841235493623996
315	946	0.8350316699410706
315	947	0.7032947527216691
315	948	0.059690675728970355
316	949	0.1558462280439128
316	950	0.4061699701152546
316	951	0.8563392603420201
317	952	0.03416540030525561
317	953	0.6767028741483734
317	954	0.2499267789688413
318	955	0.8580223525770858
318	956	0.39668973027561183
318	957	0.5998337403864271
319	958	0.7620946464184559
319	959	0.5764966767952773
319	960	0.6932689924226816
320	961	0.9499042689772654
320	962	0.5610361092058618
320	963	0.02770762243625491
321	964	0.90417047411036
321	965	0.30788374826306075
321	966	0.8193973825095462
322	967	0.024658651943418097
322	968	0.5309551013728359
322	969	0.43552429610531407
323	970	0.510314484032989
323	971	0.571089455163603
323	972	0.517526381561296
324	973	0.2547701747572102
324	974	0.2837951759811145
324	975	0.7242380583837233
325	976	0.9623426775199933
325	977	0.5476733251049763
325	978	0.538578181197551
326	979	0.7529300319668428
326	980	0.40731475124133976
326	981	0.44693893512184246
327	982	0.8519652326069675
327	983	0.9141256676242953
327	984	0.3470090836756303
328	985	0.6804181411952968
328	986	0.2828480218177626
328	987	0.09683385586639792
329	988	0.4861084232314514
329	989	0.7179466625896889
329	990	0.6715581922271134
330	991	0.12941931362976633
330	992	0.5918506471150442
330	993	0.6154962413406695
331	994	0.7422375381181291
331	995	0.034652975050174284
331	996	0.5237355369737324
332	997	0.0907991511236802
332	998	0.5116077953986932
332	999	0.3697699472502731
