#parent	child	edge_length
0	1	0.5753193079350777
0	2	0.47005684772325906
0	3	0.987704707714915
1	4	0.20560230490390785
1	5	0.3658790190231508
1	6	0.972971037034108
2	7	0.3194304463823331
2	8	0.019473751218807123
2	9	0.018855359166129126
3	10	0.839249216520219
3	11	0.7140335280853133
3	12	0.7229815118789928
4	13	0.1627024537117222
4	14	0.5069929811879315
4	15	0.2874117501952427
5	16	0.3451676699467028
5	17	0.7347707486435251
5	18	0.8692229143340522
6	19	0.32044378429760434
6	20	0.24914752404604223
6	21	0.8472748671778297
7	22	0.7282598574857753
7	23	0.7987824695468005
7	24	0.012481872222069867
8	25	0.6434149732755493
8	26	0.6608310712489499
8	27	0.35214216567228607
9	28	0.7675473629797263
9	29	0.7454389045834978
9	30	0.6315684665568894
10	31	0.7788070099830016
10	32	0.701659460149112
10	33	0.746051703665499
11	34	0.6303172775201926
11	35	0.7386830976791869
11	36	0.40029113312882736
12	37	0.6724854795492056
12	38	0.6613331136007355
12	39	0.8857875648301501
13	40	0.7791918244222764
13	41	0.40338192085166835
13	42	0.539476461880854
14	43	0.7970665276716289
14	44	0.46331800691027525
14	45	0.549070952890453
15	46	0.4663373491681738
15	47	0.8720295919198332
15	48	0.8921977442341765
16	49	0.3876928968506669
16	50	0.7267231537078016
16	51	0.24105866222005634
17	52	0.24596209620711618
17	53	0.2748240141935061
17	54	0.10094847592796519
18	55	0.9805186163803449
18	56	0.22867145405750433
18	57	0.39895083989631186
19	58	0.21641114663889638
19	59	0.3634472177921244
19	60	0.41003380394345
20	61	0.019773184366638552
20	62	0.24261539854765735
20	63	0.3306537228404045
21	64	0.43183224260823094
21	65	0.3726655168027365
21	66	0.5198707903507566
22	67	0.7764702530828389
22	68	0.09678028639818392
22	69	0.21184064836211136
23	70	0.9976064530896849
23	71	0.5734195320053274
23	72	0.36028951932651054
24	73	0.24616361436563816
24	74	0.8493438746983507
24	75	0.3357810182297857
25	76	0.14402638447740534
25	77	0.7623694956225928
25	78	0.7826373926391785
26	79	0.7872733678693224
26	80	0.5170462147809005
26	81	0.8834182477400082
27	82	0.44364175789641624
27	83	0.39067586786662456
27	84	0.3589417541091422
28	85	0.28986417962392763
28	86	0.958823530625909
28	87	0.24331631533793818
29	88	0.38490858958220064
29	89	0.40662677949582937
29	90	0.4069882181274538
30	91	0.2529088769501159
30	92	0.22483188625845518
30	93	0.06741822430752487
31	94	0.725559077950597
31	95	0.4144380140509403
31	96	0.26505303114010625
32	97	0.5210395622755721
32	98	0.9810933142087764
32	99	0.36128390320828574
33	100	0.3101567236785845
33	101	0.16191149433620056
33	102	0.11522608207200025
34	103	0.42388423381202156
34	104	0.8370798291988854
34	105	0.9837183796798739
35	106	0.6628710772051449
35	107	0.9252058500204958
35	108	0.9589969141848294
36	109	0.8049260699371075
36	110	0.6671760263582459
36	111	0.11473867556654072
37	112	0.4843575787755051
37	113	0.9176551659682408
37	114	0.5720569548403476
38	115	0.018764230480874833
38	116	0.3699058106384381
38	117	0.2812389737999249
39	118	0.1133476667567781
39	119	0.9958150003837261
39	120	0.5163543834241914
40	121	0.7144396515334756
40	122	0.10495529057152309
40	123	0.4870648450070111
41	124	0.12815138734581588
41	125	0.4287975754965324
41	126	0.5331451842268992
42	127	0.25856313661288866
42	128	0.20305789394207507
42	129	0.05382268097895604
43	130	0.8388074986762803
43	131	0.5458775883566075
43	132	0.0708138787666347
44	133	0.9997647484679734
44	134	0.4945491398753775
44	135	0.1919867962022661
45	136	0.7818268348857915
45	137	0.8400233607978363
45	138	0.40263694321470633
46	139	0.9386293720383138
46	140	0.06465006805782847
46	141	0.512177945000945
47	142	0.9644956324152126
47	143	0.5402157096163811
47	144	0.6280318014239028
48	145	0.7326098218370242
48	146	0.8695139292752582
48	147	0.005112123885012587
49	148	0.25117109600691623
49	149	0.8056000208867108
49	150	0.5730529208115932
50	151	0.546043979787708
50	152	0.44174322246112374
50	153	0.31151081661919233
51	154	0.9621155254165127
51	155	0.13780329183380846
51	156	0.6588118866621488
52	157	0.9511489509410813
52	158	0.3058596528644949
52	159	0.9507041344562721
53	160	0.49461764887742277
53	161	0.09572489351015323
53	162	0.44352325381317403
54	163	0.24182938245984587
54	164	0.3305724263312192
54	165	0.585243898205618
55	166	0.7469424250374317
55	167	0.40636814949978506
55	168	0.5803077670064347
56	169	0.38651448303249514
56	170	0.27854821694128584
56	171	0.1681650283847248
57	172	0.16786020860038187
57	173	0.19739854301174997
57	174	0.42393453445155327
58	175	0.10405296648829376
58	176	0.45573759310806894
58	177	0.9097483995584537
59	178	0.8250869443652952
59	179	0.531944718205222
59	180	0.3641636075834527
60	181	0.5498438780395845
60	182	0.6439115219232998
60	183	0.308010893509684
61	184	0.1617409245940452
61	185	0.26412538927338913
61	186	0.6227227565097622
62	187	0.7246788269464258
62	188	0.9074286874462478
62	189	0.9532312209415079
63	190	0.7684883508348233
63	191	0.6447157770287836
63	192	0.687784573125347
64	193	0.9865662998898532
64	194	0.177122493106459
64	195	0.6706985751587914
65	196	0.6664350306111102
65	197	0.5647724756252148
65	198	0.5610356701099273
66	199	0.5197639198913832
66	200	0.6607089692249637
66	201	0.904210247050102
67	202	0.22796366380648603
67	203	0.5654755444036231
67	204	0.9100014273934288
68	205	0.4413126694869518
68	206	0.6777234006886754
68	207	0.5596421726102625
69	208	0.9850961619562195
69	209	0.8074463970070339
69	210	0.9042010198157913
70	211	0.6173206184478285
70	212	0.6244939965234115
70	213	0.12021488810787317
71	214	0.7820972436743103
71	215	0.8717447466794491
71	216	0.36917574970402833
72	217	0.7650436812754033
72	218	0.022244670925165466
72	219	0.9247637073150864
73	220	0.2122071960515004
73	221	0.7840155450010085
73	222	0.8221336197693327
74	223	0.9835726721202549
74	224	0.5782039791955632
74	225	0.15089096608815777
75	226	0.4987178601770281
75	227	0.7429920239326349
75	228	0.9281554110437343
76	229	0.5777864181578791
76	230	0.9696592070735701
76	231	0.7013284453067123
77	232	0.531792437834033
77	233	0.20944735847619733
77	234	0.13881171826045346
78	235	0.4957728056865772
78	236	0.06341643779782813
78	237	0.8910995812401409
79	238	0.4335072326165562
79	239	0.5224621748914376
79	240	0.12535992525693918
80	241	0.3541606354975827
80	242	0.9434301601053353
80	243	0.041227474016855004
81	244	0.7535716380123019
81	245	0.9197108715515742
81	246	0.04508846577325398
82	247	0.9821496404573068
82	248	0.5005898327750983
82	249	0.7313040491161108
83	250	0.40159888458573856
83	251	0.9738447213123647
83	252	0.688623311155024
84	253	0.6427654211411507
84	254	0.43033710801902236
84	255	0.46653100012084303
85	256	0.3025774244840539
85	257	0.7316520901533855
85	258	0.00813017684208217
86	259	0.3873442717800366
86	260	0.5311938699390947
86	261	0.70010037425339
87	262	0.5619160915632588
87	263	0.20539189449328166
87	264	0.9449267775340553
88	265	0.6045202054295683
88	266	0.36218040502548743
88	267	0.7321494318466776
89	268	0.5405572028316842
89	269	0.7337601663846325
89	270	0.20440847996969025
90	271	0.8934996058637068
90	272	0.874528681155199
90	273	0.9732707463373254
91	274	0.021320401750387963
91	275	0.5135397611912272
91	276	0.7221600710419394
92	277	0.10759580134778046
92	278	0.21594708955328046
92	279	0.7538089026930974
93	280	0.5733979045952321
93	281	0.6667350579943542
93	282	0.007062841016499677
94	283	0.9215437662660275
94	284	0.8701112107805143
94	285	0.43247745535579374
95	286	0.49159922120705335
95	287	0.9898890850621288
95	288	0.2606717814986572
96	289	0.670862289229651
96	290	0.07140531903225411
96	291	0.08709975516666191
97	292	0.5570199286865718
97	293	0.07850249267641707
97	294	0.678667150227453
98	295	0.664056396892607
98	296	0.6125712232579521
98	297	0.8033059598751218
99	298	0.4366885569811535
99	299	0.42956404172852514
99	300	0.2966805260962435
100	301	0.2695667995150275
100	302	0.886337616282408
100	303	0.22822720803974084
101	304	0.2734440981770814
101	305	0.159326200871292
101	306	0.45097641518459386
102	307	0.5742434568930546
102	308	0.06361823779444342
102	309	0.6458630066832654
103	310	0.2765467172762144
103	311	0.8997157926066325
103	312	0.4576501010695937
104	313	0.844895853505289
104	314	0.4534556228922525
104	315	0.9012222558839712
105	316	0.5407496135239614
105	317	0.3447833028192365
105	318	0.3961016146469567
106	319	0.5075683521150283
106	320	0.869701795187328
106	321	0.41929776828030274
107	322	0.18988010886609163
107	323	0.05214493877759474
107	324	0.5709448450621909
108	325	0.04074509642098867
108	326	0.6776094210869235
108	327	0.7549770715490659
109	328	0.27739718922220835
109	329	0.17273500199696867
109	330	0.8054127886254469
110	331	0.7432066761269773
110	332	0.9927117840597418
110	333	0.26932022679076295
111	334	0.4363671888806019
111	335	0.8330964738636353
111	336	0.8872308577213212
112	337	0.25104618448602956
112	338	0.42452502711859674
112	339	0.22336918877580303
113	340	0.9321403708554223
113	341	0.8825357691238614
113	342	0.833468577899005
114	343	0.6230998495299898
114	344	0.5446563074343129
114	345	0.910045078265194
115	346	0.2363212357807536
115	347	0.948881767252926
115	348	0.4754356386295546
116	349	0.9553769522193876
116	350	0.4156263271349723
116	351	0.4523791047921648
117	352	0.7927223903677727
117	353	0.2016867348864113
117	354	0.08804246237171576
118	355	0.04380079146321303
118	356	0.7934794294282927
118	357	0.7346558310683473
119	358	0.7516325489034533
119	359	0.5612844485068254
119	360	0.6081347479252569
120	361	0.8125082695316448
120	362	0.3016198543405666
120	363	0.6277701792447151
121	364	0.19352703410090777
121	365	0.9868152178323061
121	366	0.6382898524620751
122	367	0.2706445354807028
122	368	0.29493740043652883
122	369	0.8450230725423691
123	370	0.12178791197065175
123	371	0.2201297101463966
123	372	0.9736048856552455
124	373	0.47888985873497825
124	374	0.009506118068497549
124	375	0.984606474090614
125	376	0.0031900123345609543
125	377	0.2785377944039924
125	378	0.48005254638398565
126	379	0.10348162605132794
126	380	0.2924219486822893
126	381	0.045643009030058246
127	382	0.97635886942588
127	383	0.2381071521709862
127	384	0.8698463922754063
128	385	0.354802949953419
128	386	0.7509893050909228
128	387	0.11265261671714077
129	388	0.5220632437418034
129	389	0.2304538343197715
129	390	0.5091324493911789
130	391	0.5818326883962193
130	392	0.8918332641507352
130	393	0.5674899176618496
131	394	0.747520379574594
131	395	0.7305151333128759
131	396	0.7261573307920016
132	397	0.05210594571316984
132	398	0.6158004551277279
132	399	0.6698055851899132
133	400	0.9382393578734418
133	401	0.38768299638274295
133	402	0.9733619421863472
134	403	0.537966880139233
134	404	0.5008006407556183
134	405	0.9078138671696436
135	406	0.6449381264640185
135	407	0.0503179169005783
135	408	0.30837189138240806
136	409	0.9681968884569998
136	410	0.08710990345179681
136	411	0.07912616581628829
137	412	0.9021746076275245
137	413	0.24831428547412537
137	414	0.8427184482474793
138	415	0.974284029197462
138	416	0.013172929580952064
138	417	0.23775748769992977
139	418	0.10612329456964298
139	419	0.06808641952737793
139	420	0.6051701842272675
140	421	0.030524980119656764
140	422	0.6148786720854647
140	423	0.15555965018085682
141	424	0.841116839305382
141	425	0.8569789398227629
141	426	0.5006260121205273
142	427	0.20492720924110663
142	428	0.13205970156299984
142	429	0.921787576994587
143	430	0.46599036139907135
143	431	0.07086665379367285
143	432	0.22796134281321756
144	433	0.9452990606102526
144	434	0.5681535366699849
144	435	0.6476915740190481
145	436	0.7884672133349699
145	437	0.4669661076301086
145	438	0.4529399963122869
146	439	0.8307367713879253
146	440	0.6714334187651022
146	441	0.16912584016436094
147	442	0.4025606415273367
147	443	0.8248300418800573
147	444	0.4710792024548828
148	445	0.06515790830630486
148	446	0.5469192477183575
148	447	0.4649704964294412
149	448	0.5478735860106374
149	449	0.491258572982769
149	450	0.14574748154869954
150	451	0.4827607479604844
150	452	0.5175368725130715
150	453	0.4557372684725468
151	454	0.6618594538003506
151	455	0.69667557284593
151	456	0.5117794582740903
152	457	0.38237547793274473
152	458	0.16321832551412452
152	459	0.9936081434308682
153	460	0.7950681171808042
153	461	0.9361661671161947
153	462	0.2689556830977069
154	463	0.6096785035322057
154	464	0.7038846997575058
154	465	0.6417037671134664
155	466	0.8051638479956271
155	467	0.8719032462537671
155	468	0.2785053421432465
156	469	0.8611148555445431
156	470	0.0933858660181377
156	471	0.07172321726939679
157	472	0.7958735787015528
157	473	0.5489898421746602
157	474	0.8307519594876371
158	475	0.34618362240055367
158	476	0.395019792412888
158	477	0.26741095391830016
159	478	0.9614641965159798
159	479	0.8535546407094995
159	480	0.4945917180013726
160	481	0.8310789479530134
160	482	0.026692561041881224
160	483	0.1599595735655437
161	484	0.4823356513845012
161	485	0.08213428893971308
161	486	0.255971455616383
162	487	0.8346933038258235
162	488	0.23425688156247548
162	489	0.3068179608814072
163	490	0.7031396692248236
163	491	0.9608904279709052
163	492	0.9239243207347595
164	493	0.7062106443928344
164	494	0.05289008057498801
164	495	0.038898186224437414
165	496	0.24658441058425473
165	497	0.09300279907249431
165	498	0.8164378134229853
166	499	0.42198620179193247
166	500	0.8747169716007102
166	501	0.6545783459461156
167	502	0.985844187831478
167	503	0.6451803583155282
167	504	0.35767464517858627
168	505	0.3364138092321537
168	506	0.34885889531102265
168	507	0.869495807955805
169	508	0.23907159173712056
169	509	0.5683275825541598
169	510	0.3097165295512986
170	511	0.406805717355902
170	512	0.09031257422907168
170	513	0.8706212283410737
171	514	0.40138132203114274
171	515	0.5989614513404318
171	516	0.7959018328408961
172	517	0.21156983598430412
172	518	0.18978996617031396
172	519	0.9454157240837985
173	520	0.74978215556841
173	521	0.4549105311578623
173	522	0.27552410123618387
174	523	0.42174991755870994
174	524	0.6318089998181202
174	525	0.02143814222038043
175	526	0.029220233430348408
175	527	0.3424363773544412
175	528	0.8895615309671525
176	529	0.8203511986016219
176	530	0.6375528145876528
176	531	0.617168211815578
177	532	0.5074594415688536
177	533	0.4533903393288863
177	534	0.7005268817622775
178	535	0.9117562571033355
178	536	0.8154279487889837
178	537	0.04529372127811704
179	538	0.5530433113406551
179	539	0.5775869649728338
179	540	0.07101931351626767
180	541	0.9663780263157358
180	542	0.5368245852288771
180	543	0.8977091398779465
181	544	0.7280856351362227
181	545	0.04018124737047346
181	546	0.7089707953001965
182	547	0.8210803826063732
182	548	0.596121571900065
182	549	0.29036806346568356
183	550	0.9677184772765977
183	551	0.40676363589283193
183	552	0.6793554802733737
184	553	0.29944718508987067
184	554	0.5885718846798402
184	555	0.6366827868239527
185	556	0.49044621412821043
185	557	0.5176092990797212
185	558	0.6911872939599611
186	559	0.8647467031359003
186	560	0.20995234473054558
186	561	0.011928554270407177
187	562	0.5411993707338696
187	563	0.5170302849173013
187	564	0.37013411965952636
188	565	0.5850817592024247
188	566	0.17290411480206636
188	567	0.6761954325711679
189	568	0.6683505248343078
189	569	0.23740439638468613
189	570	0.32974799342739447
190	571	0.5952085001430122
190	572	0.08527006958498473
190	573	0.22652018510443184
191	574	0.3510963066530216
191	575	0.9724459029880621
191	576	0.24079161548368255
192	577	0.9071792553121032
192	578	0.06843720988762958
192	579	0.7146020270743322
193	580	0.4928533625844548
193	581	0.5382195249907402
193	582	0.19175154242859704
194	583	0.47970658012081624
194	584	0.6749222499540751
194	585	0.3053159882155422
195	586	0.9477520624735379
195	587	0.08870927886903324
195	588	0.1763597236075063
196	589	0.029111106968974454
196	590	0.5008812016758284
196	591	0.33045527862846913
197	592	0.7507575497482084
197	593	0.5962752842731152
197	594	0.9105583778214851
198	595	0.065166515209792
198	596	0.7510568924704486
198	597	0.4378154561862275
199	598	0.44713710125861084
199	599	0.9471611786947207
199	600	0.8842095702363142
200	601	0.5604550486772805
200	602	0.774668188985241
200	603	0.31250483487880554
201	604	0.18430718044070216
201	605	0.48892181379837707
201	606	0.4615723790973003
202	607	0.21034984167039794
202	608	0.22927279673800216
202	609	0.07476153075013503
203	610	0.44697995181066175
203	611	0.16437876236374138
203	612	0.3318650202082606
204	613	0.7364378267920203
204	614	0.4550729085627335
204	615	0.4238043192568606
205	616	0.5274645843803335
205	617	0.6676627140306954
205	618	0.6112423755233761
206	619	0.5426479562911813
206	620	0.6654053761929987
206	621	0.5934007712746321
207	622	0.21781279963789546
207	623	0.10639116006730942
207	624	0.3360147523422029
208	625	0.21497450882040592
208	626	0.17048025388578503
208	627	0.9872342166316839
209	628	0.25371046871258196
209	629	0.25643816893966587
209	630	0.27845411732586334
210	631	0.10303564875903981
210	632	0.3227499468739352
210	633	0.1547512967926863
211	634	0.7599476182414411
211	635	0.19166009376977367
211	636	0.38381759145403493
212	637	0.9763929552875816
212	638	0.33109122278556
212	639	0.40217147915537044
213	640	0.44475808371173087
213	641	0.7462423924942831
213	642	0.011192277605148515
214	643	0.18553321476987938
214	644	0.26145927819418446
214	645	0.029532592978888328
215	646	0.23570266119376304
215	647	0.12404395355858444
215	648	0.11806206295281085
216	649	0.3169447255575679
216	650	0.3453177881868219
216	651	0.8300683918716654
217	652	0.6663582304547353
217	653	0.6893009769579749
217	654	0.5529758350359724
218	655	0.153209948213745
218	656	0.16524036710029377
218	657	0.5041859604221204
219	658	0.3018468494109805
219	659	0.47185748613876766
219	660	0.3123226543556763
220	661	0.21646405839858662
220	662	0.21661020443973034
220	663	0.4094974664978467
221	664	0.3662385130904594
221	665	0.06347169440325384
221	666	0.9291538147358255
222	667	0.24004263813324778
222	668	0.37082240380838827
222	669	0.7296637551170083
223	670	0.41356981674236426
223	671	0.10023014897788385
223	672	0.7348707194829182
224	673	0.16786798868453412
224	674	0.3138852443832827
224	675	0.4435821910392894
225	676	0.8431285437148662
225	677	0.15859256334174077
225	678	0.6021922689728386
226	679	0.3253051666594178
226	680	0.27294596773748325
226	681	0.4133606107181894
227	682	0.8565253328280441
227	683	0.5702755193774647
227	684	0.07532496099586938
228	685	0.5812508914446213
228	686	0.32636658818153297
228	687	0.3562943636101845
229	688	0.20501324120008035
229	689	0.47865745876486754
229	690	0.3379537461625626
230	691	0.7378498725670191
230	692	0.09325511068076398
230	693	0.4530116586705002
231	694	0.6880487538677795
231	695	0.3498587223692834
231	696	0.2547879687173876
232	697	0.870547123046735
232	698	0.3137637660457163
232	699	0.23063359993202914
233	700	0.01197147779108243
233	701	0.5649575890518945
233	702	0.743456283681908
234	703	0.49490755178877777
234	704	0.6984176697605075
234	705	0.2103353627640615
235	706	0.09904300105858554
235	707	0.260943461514343
235	708	0.23189196616375107
236	709	0.309521197837747
236	710	0.5258608134675692
236	711	0.4676291863122878
237	712	0.42835554311365986
237	713	0.2142079369486043
237	714	0.040877604334379036
238	715	0.2566295993279576
238	716	0.40316928702586574
238	717	0.22578160179590712
239	718	0.3292994784147165
239	719	0.9894215570702597
239	720	0.9629135333496966
240	721	0.5781889220223551
240	722	0.5230918579341203
240	723	0.7767421306290028
241	724	0.5509168209263271
241	725	0.14365298125197812
241	726	0.8410612898494745
242	727	0.11981158562075933
242	728	0.5971007673804495
242	729	0.9823679281480431
243	730	0.8112656914963718
243	731	0.6773428965127186
243	732	0.8677940313345189
244	733	0.7221555331588879
244	734	0.210064918027835
244	735	0.5282517076770492
245	736	0.6576457242830619
245	737	0.012940849700324386
245	738	0.30278136481226503
246	739	0.20260858112930324
246	740	0.11490900672560189
246	741	0.916478561378994
247	742	0.4849184366189939
247	743	0.14676617647093038
247	744	0.5465648258010357
248	745	0.27874846303076917
248	746	0.30924800360371807
248	747	0.6110270822601372
249	748	0.6825425745453396
249	749	0.7825443796951891
249	750	0.2110575304971174
250	751	0.459123623296969
250	752	0.6488612252549447
250	753	0.8092436572198028
251	754	0.22797491574782258
251	755	0.9698359166449527
251	756	0.05813354183705821
252	757	0.981396867189698
252	758	0.5337507233117523
252	759	0.35883402853339874
253	760	0.9752462430834401
253	761	0.14906841069351295
253	762	0.8548288210241531
254	763	0.31336409016250577
254	764	0.0020724231242582603
254	765	0.17922267272288428
255	766	0.8472572051558012
255	767	0.7207576155101417
255	768	0.790615740243546
256	769	0.2679704094940929
256	770	0.8880320294278419
256	771	0.7927092801151521
257	772	0.4302971865884141
257	773	0.5356927736779983
257	774	0.6783139721651184
258	775	0.031406794557585105
258	776	0.29763928168520193
258	777	0.3498779912344776
259	778	0.22148487661243466
259	779	0.7844315331607618
259	780	0.2755776303376558
260	781	0.7077311263648901
260	782	0.8400861552777702
260	783	0.22460173509291748
261	784	0.3829717940851445
261	785	0.3513368734542981
261	786	0.05117478823222277
262	787	0.7097935733200461
262	788	0.4620364136783063
262	789	0.5641736854510515
263	790	0.04287835441015475
263	791	0.8024124963256114
263	792	0.5983522727865478
264	793	0.0022167588016271944
264	794	0.5602317162253435
264	795	0.42056365056755673
265	796	0.10583073051788205
265	797	0.915696236233784
265	798	0.7169958352140978
266	799	0.5506657056036152
266	800	0.44079409864581787
266	801	0.6918588123187925
267	802	0.9936222294305281
267	803	0.9418491002495532
267	804	0.0670543406586035
268	805	0.23302099484374938
268	806	0.6149560048158297
268	807	0.711131167683197
269	808	0.8683546131467774
269	809	0.7175328629927296
269	810	0.7526714479370828
270	811	0.5851467341899858
270	812	0.4659088183290715
270	813	0.2541604865111613
271	814	0.9106232198120163
271	815	0.34052783299401623
271	816	0.05858119982632237
272	817	0.743491848516507
272	818	0.23709295368470562
272	819	0.9434151448107349
273	820	0.34818520908891437
273	821	0.9438682696602866
273	822	0.015137575297270445
274	823	0.1047311446713538
274	824	0.8203738311396419
274	825	0.17230224406457484
275	826	0.3949449834030667
275	827	0.4833265820226246
275	828	0.5076723353023146
276	829	0.6924884828224853
276	830	0.4306126773341098
276	831	0.04429251692361558
277	832	0.11153436799888361
277	833	0.7073866053052705
277	834	0.30763273452569917
278	835	0.7265485999741358
278	836	0.35929249462418267
278	837	0.676636841036154
279	838	0.28838380390783014
279	839	0.6297987391967242
279	840	0.9796798732855787
280	841	0.8935003055231053
280	842	0.2966298516958492
280	843	0.23343693928477216
281	844	0.41606303399136046
281	845	0.8713674614977746
281	846	0.8169652056433035
282	847	0.6648941976031962
282	848	0.6105634763659469
282	849	0.003776126519548506
283	850	0.47469340587770725
283	851	0.34689234906215416
283	852	0.8135392829527827
284	853	0.27171927031635634
284	854	0.12309775493863762
284	855	0.12323887440777304
285	856	0.21558376109516497
285	857	0.211270514142196
285	858	0.8724377918065594
286	859	0.6226937371365823
286	860	0.6953658520406888
286	861	0.851607959707714
287	862	0.1660726119274304
287	863	0.19166886866879818
287	864	0.5132585704547208
288	865	0.040730963102678874
288	866	0.7995323150892464
288	867	0.3608805366957548
289	868	0.6275315300909057
289	869	0.10857091351761439
289	870	0.28007227466226814
290	871	0.19205554646128786
290	872	0.6690390411798566
290	873	0.06055208626567943
291	874	0.6993532833403332
291	875	0.6857654689254172
291	876	0.59640708876937
292	877	0.47249381944341995
292	878	0.844088013816935
292	879	0.39065924266824315
293	880	0.6416686843652193
293	881	0.5702813330354998
293	882	0.8080575643082283
294	883	0.4456127271679815
294	884	0.987726632294937
294	885	0.7572376106470242
295	886	0.38678397983982626
295	887	0.40632433996178874
295	888	0.33463411322680137
296	889	0.5224393285392135
296	890	0.21873506318637914
296	891	0.47289655591723545
297	892	0.5688654599905932
297	893	0.6936647500547615
297	894	0.7723127113814756
298	895	0.8822147567781992
298	896	0.3450279806579152
298	897	0.6285797116071495
299	898	0.9427378549534684
299	899	0.4705468104209657
299	900	0.5520300091887121
300	901	0.4964160446877214
300	902	0.2754172357492711
300	903	0.9032562775584493
301	904	0.0023552045521527676
301	905	0.1321189379989044
301	906	0.5620620459407152
302	907	0.420420131992998
302	908	0.5450290137677721
302	909	0.7913394854847429
303	910	0.8805046445660113
303	911	0.3051016138881749
303	912	0.426793844332528
304	913	0.5285039452290503
304	914	0.5201368413266996
304	915	0.7910562001710906
305	916	0.9292121966234681
305	917	0.9146054808842998
305	918	0.7531133485652666
306	919	0.7345425277437017
306	920	0.47273037267160867
306	921	0.7295359199569522
307	922	0.2040854580625745
307	923	0.5596081541245118
307	924	0.9798115854099694
308	925	0.37045783384402275
308	926	0.3577120393258848
308	927	0.15268875154521322
309	928	0.2883159157044485
309	929	0.2999349091562913
309	930	0.9587059717045452
310	931	0.7145816101433072
310	932	0.17373284527098454
310	933	0.4015850342485162
311	934	0.7581859460931442
311	935	0.5643176949889739
311	936	0.5419342275342965
312	937	0.6679645300272655
312	938	0.08453358084563212
312	939	0.06067658068536852
313	940	0.5193487375927013
313	941	0.7673600056804015
313	942	0.443288392815941
314	943	0.6296399167058513
314	944	0.7105432484296338
314	945	0.4017916811078759
315	946	0.19821662127773965
315	947	0.21148523501471617
315	948	0.11405686122643477
316	949	0.514601595910197
316	950	0.17002423455956228
316	951	0.9011927651534355
317	952	0.02662109418694858
317	953	0.2825090211138498
317	954	0.4901886304899884
318	955	0.744263830862059
318	956	0.9755688920581181
318	957	0.6524308904240484
319	958	0.5018761220346722
319	959	0.3839553544798461
319	960	0.8099940894947907
320	961	0.7561273496570606
320	962	0.4096615394295787
320	963	0.8290304666023864
321	964	0.13775633975280333
321	965	0.3637851977528149
321	966	0.544114210135778
322	967	0.7757710540395782
322	968	0.6985470062338275
322	969	0.6014865524213489
323	970	0.28002682002104307
323	971	0.36404962390685214
323	972	0.26434962393871
324	973	0.7200068322971525
324	974	0.1953236984077158
324	975	0.4159090088647873
325	976	0.6650684103075122
325	977	0.6199580265316855
325	978	0.47554799790133173
326	979	0.8783495463140071
326	980	0.31651959035560717
326	981	0.5845470184402598
327	982	0.3176401055540221
327	983	0.10207331147461274
327	984	0.5860593389015436
328	985	0.3386990695709382
328	986	0.3017726985833885
328	987	0.5285040281789561
329	988	0.17009248435646518
329	989	0.9564384531662339
329	990	0.9370938860567156
330	991	0.1950124577416602
330	992	0.36099015566799475
330	993	0.7350049106792245
331	994	0.8779795504846591
331	995	0.48665563603677664
331	996	0.8485215982045871
332	997	0.03243656050904731
332	998	0.6698979836350082
332	999	0.9613955770699142
333	1000	0.6262430204970143
333	1001	0.5990117405856364
333	1002	0.5019042921432915
334	1003	0.7134501732442782
334	1004	0.41790561183623076
334	1005	0.6661713585408787
335	1006	0.717147174706652
335	1007	0.18350268422902227
335	1008	0.4095937947738324
336	1009	0.2263329885207198
336	1010	0.43191993228143477
336	1011	0.16686700405570942
337	1012	0.8610696173737987
337	1013	0.060323928315133224
337	1014	0.3595853298545968
338	1015	0.13844802092106157
338	1016	0.9192914647579039
338	1017	0.13026430857196536
339	1018	0.8321417302485942
339	1019	0.459117768305383
339	1020	0.5199247814245012
340	1021	0.6360178445934229
340	1022	0.8200172442491667
340	1023	0.874600804230763
341	1024	0.173106351966979
341	1025	0.45842181884486666
341	1026	0.19502055039846955
342	1027	0.7551277190024159
342	1028	0.07423067693069196
342	1029	0.9196504978242692
343	1030	0.76357478790273
343	1031	0.24051192072769645
343	1032	0.2894661957914745
344	1033	0.47907782714702074
344	1034	0.0888707834123924
344	1035	0.7056814086939605
345	1036	0.4691695043062094
345	1037	0.19491145954947686
345	1038	0.558270282270086
346	1039	0.6225119204966523
346	1040	0.2638253953247448
346	1041	0.23619465224481417
347	1042	0.8257552387135716
347	1043	0.9439484136028016
347	1044	0.025009427717594512
348	1045	0.9128419510533543
348	1046	0.5878417700032923
348	1047	0.28132178718645084
349	1048	0.9773966499973815
349	1049	0.9536354973090425
349	1050	0.1571523420738946
350	1051	0.7011293225571573
350	1052	0.6911715728716131
350	1053	0.6175418268836401
351	1054	0.5288540001519672
351	1055	0.4329121335845999
351	1056	0.0046542841373339305
352	1057	0.15247854691667084
352	1058	0.7729325810770394
352	1059	0.42647032732207024
353	1060	0.9542709729552656
353	1061	0.06230766220825168
353	1062	0.21209189393730943
354	1063	0.290570575384532
354	1064	0.016915855871755037
354	1065	0.6055482340805222
355	1066	0.7728754669889495
355	1067	0.7549893570507584
355	1068	0.19177371161128398
356	1069	0.6792294981814273
356	1070	0.6049405149577902
356	1071	0.24222686458677223
357	1072	0.0082370783430602
357	1073	0.23490081108972027
357	1074	0.7442640998525011
358	1075	0.872279218715333
358	1076	0.055595287535706306
358	1077	0.8542804520921725
359	1078	0.8819132487874184
359	1079	0.6034000615004066
359	1080	0.9858413610706074
360	1081	0.5715146224778859
360	1082	0.1620120086722021
360	1083	0.6797089333368378
361	1084	0.0491360279182077
361	1085	0.1403184304079952
361	1086	0.968824852466868
362	1087	0.13123286775897602
362	1088	0.7855885728313327
362	1089	0.49438397614597696
363	1090	0.42337316119456403
363	1091	0.34408605226921707
363	1092	0.2727477491448841
364	1093	0.9825009650223578
364	1094	0.23651094515594817
364	1095	0.7658602037504411
365	1096	0.8866048477688316
365	1097	0.27910308821814167
365	1098	0.11902736445827333
366	1099	0.635469473837063
366	1100	0.04417600379957498
366	1101	0.6903903391588995
367	1102	0.36292663236660216
367	1103	0.5994658987769024
367	1104	0.26779023925330103
368	1105	0.8390757069733837
368	1106	0.5620584324528843
368	1107	0.035324481442905786
369	1108	0.7384879834103634
369	1109	0.8095639221427292
369	1110	0.0019258335940945948
370	1111	0.4991432624965222
370	1112	0.977683971143279
370	1113	0.7103621797935858
371	1114	0.9421044057199008
371	1115	0.964618224727187
371	1116	0.9635939958084719
372	1117	0.04494525262329385
372	1118	0.41660895091226224
372	1119	0.9810938951392756
373	1120	0.3158779483312424
373	1121	0.462823987524989
373	1122	0.9099627204802607
374	1123	0.69533779243113
374	1124	0.7418917071121417
374	1125	0.0005675244842281435
375	1126	0.9535489485931571
375	1127	0.8494626962307571
375	1128	0.7700725932868426
376	1129	0.5084483560257897
376	1130	0.8368762387558119
376	1131	0.6921008624962718
377	1132	0.5468920198013326
377	1133	0.1990059743417587
377	1134	0.02118256508385763
378	1135	0.7345528453556266
378	1136	0.2770845234845164
378	1137	0.7645680059161922
379	1138	0.6859580907618558
379	1139	0.9850299973682476
379	1140	0.35857215860569114
380	1141	0.1884658848903864
380	1142	0.907139522300413
380	1143	0.602793479821338
381	1144	0.4527721903251237
381	1145	0.7764424024767793
381	1146	0.29031743798184495
382	1147	0.8513853489434848
382	1148	0.9365956333252957
382	1149	0.42875750239921095
383	1150	0.1617490531473551
383	1151	0.2680300078515939
383	1152	0.35034435924033125
384	1153	0.49083977321837036
384	1154	0.7297304006918517
384	1155	0.786801117567705
385	1156	0.49357229875713293
385	1157	0.4692884268650903
385	1158	0.7994793201687299
386	1159	0.5390516978792189
386	1160	0.7977246707682495
386	1161	0.4132056351920592
387	1162	0.4898694517286416
387	1163	0.9053749802440177
387	1164	0.8764430099545498
388	1165	0.2463899097603226
388	1166	0.5275064804551811
388	1167	0.22110114874565567
389	1168	0.30049646122886364
389	1169	0.4880868970331179
389	1170	0.926480008679093
390	1171	0.12133962299934387
390	1172	0.10846965080594073
390	1173	0.6131165287446174
391	1174	0.425804418880269
391	1175	0.8599346237033867
391	1176	0.867722290426564
392	1177	0.4398507479495245
392	1178	0.39718350495068633
392	1179	0.21546968834320146
393	1180	0.3446549466312956
393	1181	0.7829414054899944
393	1182	0.062254207837757924
394	1183	0.9597730499293313
394	1184	0.40397565610187713
394	1185	0.09124522670972013
395	1186	0.5574307320582084
395	1187	0.34518015476951025
395	1188	0.09270515095956877
396	1189	0.3439869936501351
396	1190	0.2520091033209675
396	1191	0.08630338244921676
397	1192	0.9856607298973971
397	1193	0.5485658595821304
397	1194	0.7782416852185075
398	1195	0.2748948056459146
398	1196	0.4652099502652014
398	1197	0.3955821505947156
399	1198	0.16945321580281913
399	1199	0.6928624015007702
399	1200	0.9437518392780961
400	1201	0.12094060638742499
400	1202	0.9628745563404111
400	1203	0.16007815683478144
401	1204	0.002984466592072188
401	1205	0.7181069593431177
401	1206	0.2201573310587701
402	1207	0.4728937004517917
402	1208	0.22949204593661898
402	1209	0.6723572018355666
403	1210	0.5705816994371837
403	1211	0.6744237678743533
403	1212	0.3757949846127039
404	1213	0.629649096142398
404	1214	0.5269121886469251
404	1215	0.44312700044412767
405	1216	0.5377727721732646
405	1217	0.35826250920240355
405	1218	0.2375663753933076
406	1219	0.8449209875837043
406	1220	0.16156094568520463
406	1221	0.44758241551392197
407	1222	0.49904940724046554
407	1223	0.6227924136967796
407	1224	0.10019977772432098
408	1225	0.1412034215736898
408	1226	0.21712486194608516
408	1227	0.6791889636608192
409	1228	0.18521275242863833
409	1229	0.035630135601497304
409	1230	0.8594845771536531
410	1231	0.4991263559915996
410	1232	0.7180641185734643
410	1233	0.35545744412287483
411	1234	0.6325808012496826
411	1235	0.8999687130125148
411	1236	0.9636550251314628
412	1237	0.6001742255766545
412	1238	0.23486865739470975
412	1239	0.27041642734306426
413	1240	0.09383890535020878
413	1241	0.8115373050438048
413	1242	0.1404222781653407
414	1243	0.25028240347312813
414	1244	0.21663456543601933
414	1245	0.32177253433264363
415	1246	0.32479461209425264
415	1247	0.7847901370318415
415	1248	0.1265769523491721
416	1249	0.5383111031434946
416	1250	0.7309419384683293
416	1251	0.9084855182609116
417	1252	0.08817779270649528
417	1253	0.5742811210205546
417	1254	0.09485765180166172
418	1255	0.05593369523516223
418	1256	0.3771438363853221
418	1257	0.8047688067401338
419	1258	0.1667140617895707
419	1259	0.06819563117815375
419	1260	0.7170147889381493
420	1261	0.7397098316103516
420	1262	0.1501939953576905
420	1263	0.689700411610493
421	1264	0.19126700744322922
421	1265	0.33983470841883945
421	1266	0.6817317548736307
422	1267	0.3699522288871133
422	1268	0.8455467026458386
422	1269	0.4002473391665554
423	1270	0.571987897774705
423	1271	0.4124035359760202
423	1272	0.3632376001818549
424	1273	0.718645154192541
424	1274	0.58440089503022
424	1275	0.04698644930323059
425	1276	0.5287113580119878
425	1277	0.31951213761621045
425	1278	0.6649713324206341
426	1279	0.8069014136601307
426	1280	0.3164608654000113
426	1281	0.3710433614728784
427	1282	0.4398611706973886
427	1283	0.024747151014601787
427	1284	0.5194610622330811
428	1285	0.18644301859402346
428	1286	0.9118954837881359
428	1287	0.04970580411233283
429	1288	0.1388407286378578
429	1289	0.6521005591864063
429	1290	0.32929782101903393
430	1291	0.08573918927925828
430	1292	0.9994390513814493
430	1293	0.8315981732095273
431	1294	0.9189431161568272
431	1295	0.6403450679043073
431	1296	0.7860168955572925
432	1297	0.9004229275912679
432	1298	0.22063256196527314
432	1299	0.6782301159428832
433	1300	0.7981211170222922
433	1301	0.0469686962271304
433	1302	0.625937014363493
434	1303	0.9591511527950866
434	1304	0.37123079737853415
434	1305	0.2270392303763722
435	1306	0.299292828088463
435	1307	0.822021526366211
435	1308	0.21102935178544868
436	1309	0.7808016456409017
436	1310	0.8856806639076932
436	1311	0.24426401623624006
437	1312	0.030553911422371405
437	1313	0.8411362493778964
437	1314	0.8724056614667601
438	1315	0.04470982032605386
438	1316	0.9964141040742125
438	1317	0.860197872498563
439	1318	0.9454064686175924
439	1319	0.5793880943551565
439	1320	0.1424758343637913
440	1321	0.3255931412536567
440	1322	0.30473140074094685
440	1323	0.6158095476717252
441	1324	0.1823085913818655
441	1325	0.29115482856131236
441	1326	0.5056674077992488
442	1327	0.2599623943482916
442	1328	0.6062751285595267
442	1329	0.8658524135134675
443	1330	0.06859464004702209
443	1331	0.834290698169805
443	1332	0.21246698759643956
444	1333	0.8056782507877043
444	1334	0.9615457747865681
444	1335	0.1511077991205323
445	1336	0.9682542798666699
445	1337	0.3053596780037763
445	1338	0.9003897827398318
446	1339	0.5095133032698521
446	1340	0.8804548255953688
446	1341	0.17463051973896437
447	1342	0.7071543521101858
447	1343	0.34032247148150396
447	1344	0.1469121872509085
448	1345	0.19909145611366774
448	1346	0.06208393890283426
448	1347	0.7466188798396831
449	1348	0.14998935610001274
449	1349	0.4349252401614828
449	1350	0.9803287837977254
450	1351	0.6110378209251466
450	1352	0.4535011476462867
450	1353	0.44903141259903934
451	1354	0.4342504461588331
451	1355	0.8834233948968623
451	1356	0.6152569737160704
452	1357	0.08118128995834006
452	1358	0.05650107330323639
452	1359	0.5371023671927969
453	1360	0.004154512144510458
453	1361	0.16159658948970756
453	1362	0.8548233964350488
454	1363	0.7375572447053165
454	1364	0.6702267359510821
454	1365	0.4946968262263135
455	1366	0.0792712523640543
455	1367	0.49136028308414814
455	1368	0.23843792470766356
456	1369	0.4993640486862555
456	1370	0.312637587818401
456	1371	0.1597170406774726
457	1372	0.05850217137514535
457	1373	0.5742072112555389
457	1374	0.7427173807778589
458	1375	0.35737818449988457
458	1376	0.9186571999043996
458	1377	0.3194314631896322
459	1378	0.49397801003325326
459	1379	0.11417777575750865
459	1380	0.7987957140043664
460	1381	0.7837438748495371
460	1382	0.9011410886274192
460	1383	0.6986966092646678
461	1384	0.3771858809173463
461	1385	0.06284412965420316
461	1386	0.6195926826961374
462	1387	0.15209850087975285
462	1388	0.6909410539391091
462	1389	0.8251435795088369
463	1390	0.3432531890217655
463	1391	0.8391248156658103
463	1392	0.17324480284531218
464	1393	0.6637713810207219
464	1394	0.22558126680020574
464	1395	0.9240767591151656
465	1396	0.3109182561688434
465	1397	0.6575047908259701
465	1398	0.5680993950205021
466	1399	0.2813675384366565
466	1400	0.854950623589629
466	1401	0.799783857220344
467	1402	0.1821771807516619
467	1403	0.824104350866203
467	1404	0.10642222562346726
468	1405	0.20666038429544076
468	1406	0.7946190180924297
468	1407	0.9942426938605181
469	1408	0.17201149166950402
469	1409	0.6913555703348383
469	1410	0.8791192134174345
470	1411	0.884712994272043
470	1412	0.6637321160096171
470	1413	0.9421278287743747
471	1414	0.1465762309886296
471	1415	0.7102638469346209
471	1416	0.9931817981963984
472	1417	0.3582065070935737
472	1418	0.7478349153484906
472	1419	0.43456312266627606
473	1420	0.5820435257344919
473	1421	0.01818402983613021
473	1422	0.6197380549646136
474	1423	0.7401000284646562
474	1424	0.45149059818549975
474	1425	0.29576901192636595
475	1426	0.33595440346455696
475	1427	0.8711795921789972
475	1428	0.42988859065851004
476	1429	0.8948945426032642
476	1430	0.888099285379923
476	1431	0.03944949064413361
477	1432	0.5890328158249546
477	1433	0.5540163758523373
477	1434	0.3777510313334653
478	1435	0.5621894415459857
478	1436	0.8957239166034758
478	1437	0.47846506153136836
479	1438	0.3560495708216763
479	1439	0.4302295997893545
479	1440	0.07775264732872356
480	1441	0.21515076871956396
480	1442	0.43598088221654197
480	1443	0.06389988806698754
481	1444	0.16859115254452717
481	1445	0.7854616247459194
481	1446	0.316194554845197
482	1447	0.6116932337467829
482	1448	0.13495922119914916
482	1449	0.9965531894009508
483	1450	0.9985202652545202
483	1451	0.1793106752684992
483	1452	0.9726899215457875
484	1453	0.9963550642727075
484	1454	0.3370067173262865
484	1455	0.5282802024974467
485	1456	0.3299687188565421
485	1457	0.9845989382466688
485	1458	0.15546266417132326
486	1459	0.7436822128182666
486	1460	0.6376520762229567
486	1461	0.07518132823696277
487	1462	0.6130300948029258
487	1463	0.05802055794199834
487	1464	0.7509967192879324
488	1465	0.2694849274351315
488	1466	0.8359469186751349
488	1467	0.43209217135430966
489	1468	0.4068983204608959
489	1469	0.0057501514290629885
489	1470	0.6791388834916716
490	1471	0.8416534823367356
490	1472	0.9829839314758451
490	1473	0.057323655404797225
491	1474	0.4392984676984245
491	1475	0.9734748920437323
491	1476	0.06375708118144141
492	1477	0.15850369328118152
492	1478	0.13642626002068414
492	1479	0.3089379896465303
493	1480	0.3812908328302963
493	1481	0.821593891048708
493	1482	0.6403037471006294
494	1483	0.05812813886706958
494	1484	0.21320804114804603
494	1485	0.5349770709769361
495	1486	0.8805577697404292
495	1487	0.7308492243683292
495	1488	0.0005903856421742848
496	1489	0.4599236030431826
496	1490	0.64976149782321
496	1491	0.9736079308910586
497	1492	0.28071842288605175
497	1493	0.4177006896804436
497	1494	0.7970334172058096
498	1495	0.4992531554802512
498	1496	0.1556785822189587
498	1497	0.4264718706804589
499	1498	0.3752645802034884
499	1499	0.15010290333295184
499	1500	0.25459820809488043
500	1501	0.7162641249326557
500	1502	0.7294425366835728
500	1503	0.9260505688669224
501	1504	0.45575185502657556
501	1505	0.3292010720801829
501	1506	0.1438689890845929
502	1507	0.994374093477451
502	1508	0.8848315167523545
502	1509	0.35481582509380927
503	1510	0.8863073232711859
503	1511	0.21416313878662385
503	1512	0.8021381155731602
504	1513	0.9219429671936651
504	1514	0.7572031958223339
504	1515	0.25351739403337725
505	1516	0.9251527341897887
505	1517	0.4640665648335277
505	1518	0.996507190165637
506	1519	0.6275525621036118
506	1520	0.9079129936489981
506	1521	0.43571384445519523
507	1522	0.9656412849114935
507	1523	0.42322413695188343
507	1524	0.9529472413680452
508	1525	0.5811826531113928
508	1526	0.8607869179946058
508	1527	0.2745188866084407
509	1528	0.6752623577641759
509	1529	0.7616644378047975
509	1530	0.03773039278374468
510	1531	0.6700402615369735
510	1532	0.11120796359514262
510	1533	0.14839243511996636
511	1534	0.8856904107620109
511	1535	0.6108434443690345
511	1536	0.978784189387253
512	1537	0.13701601042137024
512	1538	0.9661148449342556
512	1539	0.4030126509467784
513	1540	0.7125593208508272
513	1541	0.47650631262751053
513	1542	0.7989139550569373
514	1543	0.5337839761682055
514	1544	0.7906812371665823
514	1545	0.14284331220967927
515	1546	0.8127755497642983
515	1547	0.9207155448361702
515	1548	0.41077199640313267
516	1549	0.9868586805975772
516	1550	0.625527768753473
516	1551	0.6292037717208246
517	1552	0.21766539775770288
517	1553	0.2274126438125923
517	1554	0.23344455340246006
518	1555	0.30477709201416114
518	1556	0.9100243683347806
518	1557	0.7716332041430451
519	1558	0.9723220579635843
519	1559	0.5709047774414918
519	1560	0.17800888844648377
520	1561	0.9856027977034529
520	1562	0.8449862355410206
520	1563	0.004706836069265474
521	1564	0.24172507587403347
521	1565	0.8748317673405166
521	1566	0.48254069240873054
522	1567	0.40269149139766025
522	1568	0.6066448579449213
522	1569	0.4074577539374077
523	1570	0.35132505654066415
523	1571	0.09262319733574575
523	1572	0.9051571033954885
524	1573	0.09994179596781538
524	1574	0.8965504566805527
524	1575	0.9064967576219639
525	1576	0.06938054716924802
525	1577	0.5498431963187675
525	1578	0.1811042565617632
526	1579	0.4223374306384121
526	1580	0.30604666107506995
526	1581	0.6898814210847689
527	1582	0.20198213906294848
527	1583	0.18874288934963213
527	1584	0.6289176995560727
528	1585	0.49612800762826337
528	1586	0.8936174398918116
528	1587	0.9802633321929116
529	1588	0.13786125973254704
529	1589	0.6315419773782323
529	1590	0.7510254225190901
530	1591	0.6070222039638928
530	1592	0.6303384162634577
530	1593	0.722150793992977
531	1594	0.5514829339936463
531	1595	0.36055520954937936
531	1596	0.7461547625081655
532	1597	0.11134549244646297
532	1598	0.6286517434941121
532	1599	0.1812026272595605
533	1600	0.04688238000360523
533	1601	0.4624436691046574
533	1602	0.21760580015602948
534	1603	0.6540996569353605
534	1604	0.7746175167455928
534	1605	0.47148737242575567
535	1606	0.4334259144002319
535	1607	0.0065787570655497785
535	1608	0.5475400260201017
536	1609	0.5026941146998084
536	1610	0.3667394920094579
536	1611	0.9519801104270311
537	1612	0.040452362664288755
537	1613	0.21823601634740586
537	1614	0.7848786100785001
538	1615	0.2164884775482836
538	1616	0.03296584018233106
538	1617	0.9929484901287813
539	1618	0.9710233351180907
539	1619	0.5335205408312566
539	1620	0.2810916993283653
540	1621	0.8522734431462564
540	1622	0.7436910982989516
540	1623	0.6768933154453426
541	1624	0.7313626772744775
541	1625	0.9758508140334465
541	1626	0.14422674545820846
542	1627	0.6827606503836763
542	1628	0.6584230351201766
542	1629	0.1762637575259297
543	1630	0.48031099661744403
543	1631	0.7787707990646958
543	1632	0.8983493693151952
544	1633	0.8622509878872684
544	1634	0.5985917807437241
544	1635	0.1946094973116983
545	1636	0.991228569726142
545	1637	0.7681316721012408
545	1638	0.6767055439145957
546	1639	0.19212743857291914
546	1640	0.4530554048132932
546	1641	0.10137999937704678
547	1642	0.1072509890942358
547	1643	0.363000936334966
547	1644	0.34028545757450834
548	1645	0.3637325516023062
548	1646	0.9793486481901309
548	1647	0.6390438443070986
549	1648	0.8736279896479701
549	1649	0.720547655722985
549	1650	0.30508959561656046
550	1651	0.8187092332603966
550	1652	0.627905358797718
550	1653	0.8942762660150777
551	1654	0.17421760742572545
551	1655	0.7422486050795961
551	1656	0.9619922940994283
552	1657	0.6375883266659116
552	1658	0.6561549933826393
552	1659	0.31589500739301535
553	1660	0.6860498428223728
553	1661	0.7782135609935051
553	1662	0.4703159452257386
554	1663	0.6900234751219028
554	1664	0.011686403561223857
554	1665	0.5184221569404015
555	1666	0.2026654969232824
555	1667	0.18002409607431702
555	1668	0.6638623596796205
556	1669	0.5875912330301775
556	1670	0.5892633840145483
556	1671	0.760491807005644
557	1672	0.218538288987144
557	1673	0.6948743992181826
557	1674	0.5346715039933264
558	1675	0.961780360445684
558	1676	0.9419226021168162
558	1677	0.11568259539256054
559	1678	0.6900883762310894
559	1679	0.263549980144108
559	1680	0.4707967474143311
560	1681	0.8286456706778895
560	1682	0.26875662778766085
560	1683	0.6800067728834827
561	1684	0.461208431527502
561	1685	0.5892711060746446
561	1686	0.07072417186172097
562	1687	0.8769153223830715
562	1688	0.35862052922560006
562	1689	0.9379120403070468
563	1690	0.2464758763722048
563	1691	0.22269797459766172
563	1692	0.4615414957030629
564	1693	0.5035637683993199
564	1694	0.9500466860558017
564	1695	0.7370438971367557
565	1696	0.35053684229939086
565	1697	0.5711638020877965
565	1698	0.8024672345911871
566	1699	0.15231684257372935
566	1700	0.22767816499240578
566	1701	0.12911232483395796
567	1702	0.28645475244541596
567	1703	0.2745092149888275
567	1704	0.9043606018262856
568	1705	0.16081604700817576
568	1706	0.12983350753361378
568	1707	0.6164041633229229
569	1708	0.07084147741502611
569	1709	0.666695234929387
569	1710	0.3074911445235792
570	1711	0.32111052659148065
570	1712	0.27678359486840765
570	1713	0.5805586956446382
571	1714	0.8061134888163353
571	1715	0.40719330437923673
571	1716	0.4924974778623604
572	1717	0.8232910368208602
572	1718	0.010764719973583747
572	1719	0.05023314050031258
573	1720	0.2542292382875929
573	1721	0.9186059015166338
573	1722	0.7789212511884559
574	1723	0.021970419740363623
574	1724	0.9349472476593012
574	1725	0.15429565546290047
575	1726	0.21098843359363417
575	1727	0.41197140438787627
575	1728	0.787677512320889
576	1729	0.9990035279862973
576	1730	0.20527455299271113
576	1731	0.2487467136775614
577	1732	0.37910276622072914
577	1733	0.06056764077320642
577	1734	0.05610359824850042
578	1735	0.3426763297433878
578	1736	0.2689466643785048
578	1737	0.8757727096491447
579	1738	0.5384571148557771
579	1739	0.33329011041183676
579	1740	0.36106815218131816
580	1741	0.5389352387625145
580	1742	0.7413256318723027
580	1743	0.1885137583425962
581	1744	0.40838216052076315
581	1745	0.4146484000484454
581	1746	0.9185135664212958
582	1747	0.3119578481325266
582	1748	0.632717313691069
582	1749	0.5210671230266716
583	1750	0.6029557988382702
583	1751	0.8038832710132605
583	1752	0.08106047146840312
584	1753	0.202324279041306
584	1754	0.8488543794005786
584	1755	0.5974451674981619
585	1756	0.6343215623242198
585	1757	0.19227840508948701
585	1758	0.6490663389219395
586	1759	0.8572822600807325
586	1760	0.07563620746705046
586	1761	0.36179862288829645
587	1762	0.6634450629106099
587	1763	0.5419438136639796
587	1764	0.9998060023973699
588	1765	0.9281975693643344
588	1766	0.5536247631634695
588	1767	0.34575804255299136
589	1768	0.7700931242836228
589	1769	0.887639077183679
589	1770	0.15363508709797868
590	1771	0.7090936975921005
590	1772	0.8603260579450797
590	1773	0.628639479487396
591	1774	0.846442012637812
591	1775	0.8767879145169752
591	1776	0.25652761313760586
592	1777	0.48877112802878786
592	1778	0.5668374074093299
592	1779	0.521208172493256
593	1780	0.5785761226776178
593	1781	0.03246248530002671
593	1782	0.22912984962345073
594	1783	0.9221610120128052
594	1784	0.700526058219347
594	1785	0.7377475042134709
595	1786	0.5154825975594799
595	1787	0.7187109775117001
595	1788	0.6074354277845977
596	1789	0.19102277557677272
596	1790	0.0012194445675738352
596	1791	0.49030917164845556
597	1792	0.6258375776243652
597	1793	0.16551480069407198
597	1794	0.18993456217615767
598	1795	0.6867289809924236
598	1796	0.5164010144881402
598	1797	0.9438163161790253
599	1798	0.4529127502406255
599	1799	0.9618834795806979
599	1800	0.11389544238491633
600	1801	0.5276971744275952
600	1802	0.3682066689422353
600	1803	0.3529724009121492
601	1804	0.6778714062453058
601	1805	0.36175392301270304
601	1806	0.10360649162482538
602	1807	0.018416213506262435
602	1808	0.8564946736763779
602	1809	0.4228741293223409
603	1810	0.25825966476420426
603	1811	0.13147870571099418
603	1812	0.3668756865246605
604	1813	0.6024241920091167
604	1814	0.93897955897374
604	1815	0.940214087730057
605	1816	0.9296380546101725
605	1817	0.07091512268634304
605	1818	0.4416973060867696
606	1819	0.32878561530008243
606	1820	0.2374161149418068
606	1821	0.712415782586346
607	1822	0.7284689893776018
607	1823	0.8770491141961421
607	1824	0.6267806414901793
608	1825	0.3935259787547254
608	1826	0.8428510383038366
608	1827	0.8148413786640066
609	1828	0.4214722991774825
609	1829	0.2579813374743066
609	1830	0.0797859225472961
610	1831	0.27098893917980826
610	1832	0.6808348954101046
610	1833	0.041934349250417724
611	1834	0.8920455171582261
611	1835	0.9586909330200624
611	1836	0.053632450918899455
612	1837	0.6836350708133139
612	1838	0.7559364579982406
612	1839	0.6044569932274547
613	1840	0.36382475293955574
613	1841	0.4241092608716306
613	1842	0.017645172250406294
614	1843	0.1439343542931104
614	1844	0.6216467724420239
614	1845	0.6699868972677876
615	1846	0.17420855163688775
615	1847	0.03926182113249055
615	1848	0.9509147226644384
616	1849	0.060965468010624635
616	1850	0.9306393914571561
616	1851	0.35419678989814063
617	1852	0.025965769133886596
617	1853	0.9734372565428908
617	1854	0.16342057563204215
618	1855	0.20970648842681594
618	1856	0.8012344295068272
618	1857	0.8343619430735959
619	1858	0.5001464672505802
619	1859	0.35784562923148144
619	1860	0.9714574081929438
620	1861	0.36100996127246476
620	1862	0.8551189603629781
620	1863	0.17678379673807532
621	1864	0.6843859435480082
621	1865	0.45641116573535734
621	1866	0.5856362816423042
622	1867	0.3719936295224501
622	1868	0.08403273795980915
622	1869	0.7248841739728422
623	1870	0.29257061823118136
623	1871	0.6038903646100189
623	1872	0.060408004487640055
624	1873	0.17873373215118782
624	1874	0.023596051911876303
624	1875	0.4732066409903243
625	1876	0.41794799506117286
625	1877	0.5031102307950921
625	1878	0.46384401397580066
626	1879	0.33172244372015924
626	1880	0.7948355813725647
626	1881	0.6972247446493561
627	1882	0.2753254961514431
627	1883	0.9426951072505195
627	1884	0.108867408530544
628	1885	0.3277349902958885
628	1886	0.3669995001765809
628	1887	0.5855567519504458
629	1888	0.9343048848507907
629	1889	0.9910273553264917
629	1890	0.32326167224521796
630	1891	0.5352010406112716
630	1892	0.767187972643182
630	1893	0.8312753637600658
631	1894	0.5524582147108006
631	1895	0.32480662869910937
631	1896	0.3086052708845465
632	1897	0.7892067928058575
632	1898	0.80055789299874
632	1899	0.8648181465543799
633	1900	0.03316513319541203
633	1901	0.022696227572983618
633	1902	0.5072501747674804
634	1903	0.06953143272042861
634	1904	0.7090968849706523
634	1905	0.4505979935067371
635	1906	0.6278619407761166
635	1907	0.7857595910064171
635	1908	0.2127931666122097
636	1909	0.4052398717709055
636	1910	0.5700005542803026
636	1911	0.6799497767883692
637	1912	0.6279510459940364
637	1913	0.5974119320783328
637	1914	0.46975260848702416
638	1915	0.4445731020024908
638	1916	0.7810279471891153
638	1917	0.18935763844989562
639	1918	0.8000636957663008
639	1919	0.6722356575701145
639	1920	0.5931105332776743
640	1921	0.8204510010734254
640	1922	0.8617050323147512
640	1923	0.7666941658765107
641	1924	0.46946304577637477
641	1925	0.9916529241032516
641	1926	0.30691966994807285
642	1927	0.1898216203290649
642	1928	0.13181384799690876
642	1929	0.23717529331129283
643	1930	0.02988330555017704
643	1931	0.11581224236559973
643	1932	0.16659712183476616
644	1933	0.8136079408990816
644	1934	0.7303618574719214
644	1935	0.6953400206498098
645	1936	0.6806868862986742
645	1937	0.6290850924215651
645	1938	0.823661047129248
646	1939	0.3775275143296263
646	1940	0.15162915576259428
646	1941	0.03526446264798089
647	1942	0.7027910537028573
647	1943	0.7922231905192609
647	1944	0.9778621362364193
648	1945	0.16441366053789774
648	1946	0.8601157078467505
648	1947	0.858371556797961
649	1948	0.04646250562105758
649	1949	0.3622601750418458
649	1950	0.5358065226885508
650	1951	0.48185970346154927
650	1952	0.700984303352543
650	1953	0.7864950415752681
651	1954	0.8150652823348505
651	1955	0.5294792305351524
651	1956	0.037456044449046155
652	1957	0.4204734006640457
652	1958	0.3748224910030413
652	1959	0.24561699020445193
653	1960	0.9162440176507312
653	1961	0.8240068708050425
653	1962	0.5066727645352558
654	1963	0.77554776943079
654	1964	0.3518102521431662
654	1965	0.35460644401087327
655	1966	0.4037363993500259
655	1967	0.34760628754078793
655	1968	0.26073360785557465
656	1969	0.9491649002591419
656	1970	0.6527307231750172
656	1971	0.7775146548700247
657	1972	0.18353847483111496
657	1973	0.8184097380253804
657	1974	0.014287186374699834
658	1975	0.2820107347603591
658	1976	0.2867951877968181
658	1977	0.8570565133983361
659	1978	0.21784908278510384
659	1979	0.8838620497897334
659	1980	0.9989660196922387
660	1981	0.20507486308316292
660	1982	0.24446089682961403
660	1983	0.45380549549695437
661	1984	0.8985181767873902
661	1985	0.745953599297346
661	1986	0.8929087948596791
662	1987	0.877975126286581
662	1988	0.9466933584996764
662	1989	0.7646486179496466
663	1990	0.6705473553347486
663	1991	0.07564495937714177
663	1992	0.5144251139044007
664	1993	0.5265204155651663
664	1994	0.9964888779373557
664	1995	0.8227765575349442
665	1996	0.06540161106897535
665	1997	0.760359786777021
665	1998	0.463459044836774
666	1999	0.3053074665750991
